x y U
0.024 0.020 -0.139
0.049 0.020 -0.363
0.073 0.020 -0.557
0.098 0.020 -0.731
0.122 0.020 -0.884
0.146 0.020 -1.016
0.171 0.020 -1.123
0.195 0.020 -1.203
0.220 0.020 -1.255
0.244 0.020 -1.278
0.268 0.020 -1.271
0.293 0.020 -1.233
0.317 0.020 -1.167
0.341 0.020 -1.074
0.366 0.020 -0.955
0.390 0.020 -0.814
0.415 0.020 -0.654
0.439 0.020 -0.478
0.463 0.020 -0.291
0.488 0.020 -0.098
0.512 0.020 0.098
0.537 0.020 0.291
0.561 0.020 0.478
0.585 0.020 0.654
0.610 0.020 0.814
0.634 0.020 0.955
0.659 0.020 1.074
0.683 0.020 1.167
0.707 0.020 1.233
0.732 0.020 1.271
0.756 0.020 1.278
0.780 0.020 1.255
0.805 0.020 1.203
0.829 0.020 1.123
0.854 0.020 1.016
0.878 0.020 0.884
0.902 0.020 0.731
0.927 0.020 0.557
0.951 0.020 0.363
0.976 0.020 0.139
0.024 0.039 -0.145
0.049 0.039 -0.305
0.073 0.039 -0.460
0.098 0.039 -0.603
0.122 0.039 -0.730
0.146 0.039 -0.839
0.171 0.039 -0.928
0.195 0.039 -0.994
0.220 0.039 -1.038
0.244 0.039 -1.056
0.268 0.039 -1.050
0.293 0.039 -1.020
0.317 0.039 -0.965
0.341 0.039 -0.888
0.366 0.039 -0.790
0.390 0.039 -0.673
0.415 0.039 -0.540
0.439 0.039 -0.395
0.463 0.039 -0.241
0.488 0.039 -0.081
0.512 0.039 0.081
0.537 0.039 0.241
0.561 0.039 0.395
0.585 0.039 0.540
0.610 0.039 0.673
0.634 0.039 0.790
0.659 0.039 0.888
0.683 0.039 0.965
0.707 0.039 1.020
0.732 0.039 1.050
0.756 0.039 1.056
0.780 0.039 1.038
0.805 0.039 0.994
0.829 0.039 0.928
0.854 0.039 0.839
0.878 0.039 0.730
0.902 0.039 0.603
0.927 0.039 0.460
0.951 0.039 0.305
0.976 0.039 0.145
0.024 0.059 -0.128
0.049 0.059 -0.257
0.073 0.059 -0.382
0.098 0.059 -0.498
0.122 0.059 -0.603
0.146 0.059 -0.693
0.171 0.059 -0.766
0.195 0.059 -0.822
0.220 0.059 -0.858
0.244 0.059 -0.873
0.268 0.059 -0.868
0.293 0.059 -0.843
0.317 0.059 -0.798
0.341 0.059 -0.734
0.366 0.059 -0.653
0.390 0.059 -0.556
0.415 0.059 -0.447
0.439 0.059 -0.327
0.463 0.059 -0.199
0.488 0.059 -0.067
0.512 0.059 0.067
0.537 0.059 0.199
0.561 0.059 0.327
0.585 0.059 0.447
0.610 0.059 0.556
0.634 0.059 0.653
0.659 0.059 0.734
0.683 0.059 0.798
0.707 0.059 0.843
0.732 0.059 0.868
0.756 0.059 0.873
0.780 0.059 0.858
0.805 0.059 0.822
0.829 0.059 0.766
0.854 0.059 0.693
0.878 0.059 0.603
0.902 0.059 0.498
0.927 0.059 0.382
0.951 0.059 0.257
0.976 0.059 0.128
0.024 0.078 -0.108
0.049 0.078 -0.214
0.073 0.078 -0.317
0.098 0.078 -0.413
0.122 0.078 -0.499
0.146 0.078 -0.573
0.171 0.078 -0.633
0.195 0.078 -0.679
0.220 0.078 -0.709
0.244 0.078 -0.722
0.268 0.078 -0.718
0.293 0.078 -0.697
0.317 0.078 -0.659
0.341 0.078 -0.607
0.366 0.078 -0.540
0.390 0.078 -0.460
0.415 0.078 -0.369
0.439 0.078 -0.270
0.463 0.078 -0.165
0.488 0.078 -0.055
0.512 0.078 0.055
0.537 0.078 0.165
0.561 0.078 0.270
0.585 0.078 0.369
0.610 0.078 0.460
0.634 0.078 0.540
0.659 0.078 0.607
0.683 0.078 0.659
0.707 0.078 0.697
0.732 0.078 0.718
0.756 0.078 0.722
0.780 0.078 0.709
0.805 0.078 0.679
0.829 0.078 0.633
0.854 0.078 0.573
0.878 0.078 0.499
0.902 0.078 0.413
0.927 0.078 0.317
0.951 0.078 0.214
0.976 0.078 0.108
0.024 0.098 -0.090
0.049 0.098 -0.178
0.073 0.098 -0.263
0.098 0.098 -0.342
0.122 0.098 -0.412
0.146 0.098 -0.474
0.171 0.098 -0.524
0.195 0.098 -0.561
0.220 0.098 -0.586
0.244 0.098 -0.597
0.268 0.098 -0.593
0.293 0.098 -0.576
0.317 0.098 -0.545
0.341 0.098 -0.501
0.366 0.098 -0.446
0.390 0.098 -0.380
0.415 0.098 -0.305
0.439 0.098 -0.223
0.463 0.098 -0.136
0.488 0.098 -0.046
0.512 0.098 0.046
0.537 0.098 0.136
0.561 0.098 0.223
0.585 0.098 0.305
0.610 0.098 0.380
0.634 0.098 0.446
0.659 0.098 0.501
0.683 0.098 0.545
0.707 0.098 0.576
0.732 0.098 0.593
0.756 0.098 0.597
0.780 0.098 0.586
0.805 0.098 0.561
0.829 0.098 0.524
0.854 0.098 0.474
0.878 0.098 0.412
0.902 0.098 0.342
0.927 0.098 0.263
0.951 0.098 0.178
0.976 0.098 0.090
0.024 0.118 -0.075
0.049 0.118 -0.148
0.073 0.118 -0.218
0.098 0.118 -0.283
0.122 0.118 -0.341
0.146 0.118 -0.392
0.171 0.118 -0.433
0.195 0.118 -0.464
0.220 0.118 -0.484
0.244 0.118 -0.493
0.268 0.118 -0.490
0.293 0.118 -0.476
0.317 0.118 -0.451
0.341 0.118 -0.415
0.366 0.118 -0.369
0.390 0.118 -0.314
0.415 0.118 -0.252
0.439 0.118 -0.185
0.463 0.118 -0.113
0.488 0.118 -0.038
0.512 0.118 0.038
0.537 0.118 0.113
0.561 0.118 0.185
0.585 0.118 0.252
0.610 0.118 0.314
0.634 0.118 0.369
0.659 0.118 0.415
0.683 0.118 0.451
0.707 0.118 0.476
0.732 0.118 0.490
0.756 0.118 0.493
0.780 0.118 0.484
0.805 0.118 0.464
0.829 0.118 0.433
0.854 0.118 0.392
0.878 0.118 0.341
0.902 0.118 0.283
0.927 0.118 0.218
0.951 0.118 0.148
0.976 0.118 0.075
0.024 0.137 -0.062
0.049 0.137 -0.122
0.073 0.137 -0.180
0.098 0.137 -0.234
0.122 0.137 -0.282
0.146 0.137 -0.324
0.171 0.137 -0.358
0.195 0.137 -0.384
0.220 0.137 -0.400
0.244 0.137 -0.408
0.268 0.137 -0.405
0.293 0.137 -0.394
0.317 0.137 -0.373
0.341 0.137 -0.343
0.366 0.137 -0.305
0.390 0.137 -0.260
0.415 0.137 -0.209
0.439 0.137 -0.153
0.463 0.137 -0.093
0.488 0.137 -0.031
0.512 0.137 0.031
0.537 0.137 0.093
0.561 0.137 0.153
0.585 0.137 0.209
0.610 0.137 0.260
0.634 0.137 0.305
0.659 0.137 0.343
0.683 0.137 0.373
0.707 0.137 0.394
0.732 0.137 0.405
0.756 0.137 0.408
0.780 0.137 0.400
0.805 0.137 0.384
0.829 0.137 0.358
0.854 0.137 0.324
0.878 0.137 0.282
0.902 0.137 0.234
0.927 0.137 0.180
0.951 0.137 0.122
0.976 0.137 0.062
0.024 0.157 -0.051
0.049 0.157 -0.101
0.073 0.157 -0.149
0.098 0.157 -0.194
0.122 0.157 -0.233
0.146 0.157 -0.268
0.171 0.157 -0.296
0.195 0.157 -0.317
0.220 0.157 -0.331
0.244 0.157 -0.337
0.268 0.157 -0.335
0.293 0.157 -0.325
0.317 0.157 -0.308
0.341 0.157 -0.283
0.366 0.157 -0.252
0.390 0.157 -0.215
0.415 0.157 -0.173
0.439 0.157 -0.126
0.463 0.157 -0.077
0.488 0.157 -0.026
0.512 0.157 0.026
0.537 0.157 0.077
0.561 0.157 0.126
0.585 0.157 0.173
0.610 0.157 0.215
0.634 0.157 0.252
0.659 0.157 0.283
0.683 0.157 0.308
0.707 0.157 0.325
0.732 0.157 0.335
0.756 0.157 0.337
0.780 0.157 0.331
0.805 0.157 0.317
0.829 0.157 0.296
0.854 0.157 0.268
0.878 0.157 0.233
0.902 0.157 0.194
0.927 0.157 0.149
0.951 0.157 0.101
0.976 0.157 0.051
0.024 0.176 -0.042
0.049 0.176 -0.084
0.073 0.176 -0.123
0.098 0.176 -0.160
0.122 0.176 -0.193
0.146 0.176 -0.222
0.171 0.176 -0.245
0.195 0.176 -0.262
0.220 0.176 -0.274
0.244 0.176 -0.279
0.268 0.176 -0.277
0.293 0.176 -0.269
0.317 0.176 -0.255
0.341 0.176 -0.234
0.366 0.176 -0.208
0.390 0.176 -0.178
0.415 0.176 -0.143
0.439 0.176 -0.104
0.463 0.176 -0.064
0.488 0.176 -0.021
0.512 0.176 0.021
0.537 0.176 0.064
0.561 0.176 0.104
0.585 0.176 0.143
0.610 0.176 0.178
0.634 0.176 0.208
0.659 0.176 0.234
0.683 0.176 0.255
0.707 0.176 0.269
0.732 0.176 0.277
0.756 0.176 0.279
0.780 0.176 0.274
0.805 0.176 0.262
0.829 0.176 0.245
0.854 0.176 0.222
0.878 0.176 0.193
0.902 0.176 0.160
0.927 0.176 0.123
0.951 0.176 0.084
0.976 0.176 0.042
0.024 0.196 -0.035
0.049 0.196 -0.069
0.073 0.196 -0.102
0.098 0.196 -0.132
0.122 0.196 -0.160
0.146 0.196 -0.183
0.171 0.196 -0.202
0.195 0.196 -0.217
0.220 0.196 -0.226
0.244 0.196 -0.230
0.268 0.196 -0.229
0.293 0.196 -0.222
0.317 0.196 -0.210
0.341 0.196 -0.194
0.366 0.196 -0.172
0.390 0.196 -0.147
0.415 0.196 -0.118
0.439 0.196 -0.086
0.463 0.196 -0.053
0.488 0.196 -0.018
0.512 0.196 0.018
0.537 0.196 0.053
0.561 0.196 0.086
0.585 0.196 0.118
0.610 0.196 0.147
0.634 0.196 0.172
0.659 0.196 0.194
0.683 0.196 0.210
0.707 0.196 0.222
0.732 0.196 0.229
0.756 0.196 0.230
0.780 0.196 0.226
0.805 0.196 0.217
0.829 0.196 0.202
0.854 0.196 0.183
0.878 0.196 0.160
0.902 0.196 0.132
0.927 0.196 0.102
0.951 0.196 0.069
0.976 0.196 0.035
0.024 0.216 -0.029
0.049 0.216 -0.057
0.073 0.216 -0.084
0.098 0.216 -0.110
0.122 0.216 -0.132
0.146 0.216 -0.151
0.171 0.216 -0.167
0.195 0.216 -0.179
0.220 0.216 -0.187
0.244 0.216 -0.190
0.268 0.216 -0.189
0.293 0.216 -0.184
0.317 0.216 -0.174
0.341 0.216 -0.160
0.366 0.216 -0.142
0.390 0.216 -0.121
0.415 0.216 -0.097
0.439 0.216 -0.071
0.463 0.216 -0.043
0.488 0.216 -0.015
0.512 0.216 0.015
0.537 0.216 0.043
0.561 0.216 0.071
0.585 0.216 0.097
0.610 0.216 0.121
0.634 0.216 0.142
0.659 0.216 0.160
0.683 0.216 0.174
0.707 0.216 0.184
0.732 0.216 0.189
0.756 0.216 0.190
0.780 0.216 0.187
0.805 0.216 0.179
0.829 0.216 0.167
0.854 0.216 0.151
0.878 0.216 0.132
0.902 0.216 0.110
0.927 0.216 0.084
0.951 0.216 0.057
0.976 0.216 0.029
0.024 0.235 -0.024
0.049 0.235 -0.048
0.073 0.235 -0.070
0.098 0.235 -0.091
0.122 0.235 -0.109
0.146 0.235 -0.125
0.171 0.235 -0.138
0.195 0.235 -0.148
0.220 0.235 -0.155
0.244 0.235 -0.158
0.268 0.235 -0.157
0.293 0.235 -0.152
0.317 0.235 -0.144
0.341 0.235 -0.132
0.366 0.235 -0.118
0.390 0.235 -0.100
0.415 0.235 -0.081
0.439 0.235 -0.059
0.463 0.235 -0.036
0.488 0.235 -0.012
0.512 0.235 0.012
0.537 0.235 0.036
0.561 0.235 0.059
0.585 0.235 0.081
0.610 0.235 0.100
0.634 0.235 0.118
0.659 0.235 0.132
0.683 0.235 0.144
0.707 0.235 0.152
0.732 0.235 0.157
0.756 0.235 0.158
0.780 0.235 0.155
0.805 0.235 0.148
0.829 0.235 0.138
0.854 0.235 0.125
0.878 0.235 0.109
0.902 0.235 0.091
0.927 0.235 0.070
0.951 0.235 0.048
0.976 0.235 0.024
0.024 0.255 -0.020
0.049 0.255 -0.039
0.073 0.255 -0.058
0.098 0.255 -0.075
0.122 0.255 -0.090
0.146 0.255 -0.104
0.171 0.255 -0.114
0.195 0.255 -0.123
0.220 0.255 -0.128
0.244 0.255 -0.130
0.268 0.255 -0.129
0.293 0.255 -0.126
0.317 0.255 -0.119
0.341 0.255 -0.109
0.366 0.255 -0.097
0.390 0.255 -0.083
0.415 0.255 -0.067
0.439 0.255 -0.049
0.463 0.255 -0.030
0.488 0.255 -0.010
0.512 0.255 0.010
0.537 0.255 0.030
0.561 0.255 0.049
0.585 0.255 0.067
0.610 0.255 0.083
0.634 0.255 0.097
0.659 0.255 0.109
0.683 0.255 0.119
0.707 0.255 0.126
0.732 0.255 0.129
0.756 0.255 0.130
0.780 0.255 0.128
0.805 0.255 0.123
0.829 0.255 0.114
0.854 0.255 0.104
0.878 0.255 0.090
0.902 0.255 0.075
0.927 0.255 0.058
0.951 0.255 0.039
0.976 0.255 0.020
0.024 0.275 -0.016
0.049 0.275 -0.032
0.073 0.275 -0.048
0.098 0.275 -0.062
0.122 0.275 -0.075
0.146 0.275 -0.086
0.171 0.275 -0.095
0.195 0.275 -0.101
0.220 0.275 -0.106
0.244 0.275 -0.108
0.268 0.275 -0.107
0.293 0.275 -0.104
0.317 0.275 -0.098
0.341 0.275 -0.090
0.366 0.275 -0.080
0.390 0.275 -0.069
0.415 0.275 -0.055
0.439 0.275 -0.040
0.463 0.275 -0.025
0.488 0.275 -0.008
0.512 0.275 0.008
0.537 0.275 0.025
0.561 0.275 0.040
0.585 0.275 0.055
0.610 0.275 0.069
0.634 0.275 0.080
0.659 0.275 0.090
0.683 0.275 0.098
0.707 0.275 0.104
0.732 0.275 0.107
0.756 0.275 0.108
0.780 0.275 0.106
0.805 0.275 0.101
0.829 0.275 0.095
0.854 0.275 0.086
0.878 0.275 0.075
0.902 0.275 0.062
0.927 0.275 0.048
0.951 0.275 0.032
0.976 0.275 0.016
0.024 0.294 -0.014
0.049 0.294 -0.027
0.073 0.294 -0.040
0.098 0.294 -0.051
0.122 0.294 -0.062
0.146 0.294 -0.071
0.171 0.294 -0.078
0.195 0.294 -0.084
0.220 0.294 -0.087
0.244 0.294 -0.089
0.268 0.294 -0.089
0.293 0.294 -0.086
0.317 0.294 -0.081
0.341 0.294 -0.075
0.366 0.294 -0.067
0.390 0.294 -0.057
0.415 0.294 -0.046
0.439 0.294 -0.033
0.463 0.294 -0.020
0.488 0.294 -0.007
0.512 0.294 0.007
0.537 0.294 0.020
0.561 0.294 0.033
0.585 0.294 0.046
0.610 0.294 0.057
0.634 0.294 0.067
0.659 0.294 0.075
0.683 0.294 0.081
0.707 0.294 0.086
0.732 0.294 0.089
0.756 0.294 0.089
0.780 0.294 0.087
0.805 0.294 0.084
0.829 0.294 0.078
0.854 0.294 0.071
0.878 0.294 0.062
0.902 0.294 0.051
0.927 0.294 0.040
0.951 0.294 0.027
0.976 0.294 0.014
0.024 0.314 -0.011
0.049 0.314 -0.022
0.073 0.314 -0.033
0.098 0.314 -0.042
0.122 0.314 -0.051
0.146 0.314 -0.059
0.171 0.314 -0.065
0.195 0.314 -0.069
0.220 0.314 -0.072
0.244 0.314 -0.074
0.268 0.314 -0.073
0.293 0.314 -0.071
0.317 0.314 -0.067
0.341 0.314 -0.062
0.366 0.314 -0.055
0.390 0.314 -0.047
0.415 0.314 -0.038
0.439 0.314 -0.028
0.463 0.314 -0.017
0.488 0.314 -0.006
0.512 0.314 0.006
0.537 0.314 0.017
0.561 0.314 0.028
0.585 0.314 0.038
0.610 0.314 0.047
0.634 0.314 0.055
0.659 0.314 0.062
0.683 0.314 0.067
0.707 0.314 0.071
0.732 0.314 0.073
0.756 0.314 0.074
0.780 0.314 0.072
0.805 0.314 0.069
0.829 0.314 0.065
0.854 0.314 0.059
0.878 0.314 0.051
0.902 0.314 0.042
0.927 0.314 0.033
0.951 0.314 0.022
0.976 0.314 0.011
0.024 0.333 -0.009
0.049 0.333 -0.018
0.073 0.333 -0.027
0.098 0.333 -0.035
0.122 0.333 -0.042
0.146 0.333 -0.048
0.171 0.333 -0.054
0.195 0.333 -0.057
0.220 0.333 -0.060
0.244 0.333 -0.061
0.268 0.333 -0.061
0.293 0.333 -0.059
0.317 0.333 -0.056
0.341 0.333 -0.051
0.366 0.333 -0.045
0.390 0.333 -0.039
0.415 0.333 -0.031
0.439 0.333 -0.023
0.463 0.333 -0.014
0.488 0.333 -0.005
0.512 0.333 0.005
0.537 0.333 0.014
0.561 0.333 0.023
0.585 0.333 0.031
0.610 0.333 0.039
0.634 0.333 0.045
0.659 0.333 0.051
0.683 0.333 0.056
0.707 0.333 0.059
0.732 0.333 0.061
0.756 0.333 0.061
0.780 0.333 0.060
0.805 0.333 0.057
0.829 0.333 0.054
0.854 0.333 0.048
0.878 0.333 0.042
0.902 0.333 0.035
0.927 0.333 0.027
0.951 0.333 0.018
0.976 0.333 0.009
0.024 0.353 -0.008
0.049 0.353 -0.015
0.073 0.353 -0.022
0.098 0.353 -0.029
0.122 0.353 -0.035
0.146 0.353 -0.040
0.171 0.353 -0.044
0.195 0.353 -0.047
0.220 0.353 -0.049
0.244 0.353 -0.050
0.268 0.353 -0.050
0.293 0.353 -0.049
0.317 0.353 -0.046
0.341 0.353 -0.042
0.366 0.353 -0.038
0.390 0.353 -0.032
0.415 0.353 -0.026
0.439 0.353 -0.019
0.463 0.353 -0.011
0.488 0.353 -0.004
0.512 0.353 0.004
0.537 0.353 0.011
0.561 0.353 0.019
0.585 0.353 0.026
0.610 0.353 0.032
0.634 0.353 0.038
0.659 0.353 0.042
0.683 0.353 0.046
0.707 0.353 0.049
0.732 0.353 0.050
0.756 0.353 0.050
0.780 0.353 0.049
0.805 0.353 0.047
0.829 0.353 0.044
0.854 0.353 0.040
0.878 0.353 0.035
0.902 0.353 0.029
0.927 0.353 0.022
0.951 0.353 0.015
0.976 0.353 0.008
0.024 0.373 -0.006
0.049 0.373 -0.013
0.073 0.373 -0.018
0.098 0.373 -0.024
0.122 0.373 -0.029
0.146 0.373 -0.033
0.171 0.373 -0.037
0.195 0.373 -0.039
0.220 0.373 -0.041
0.244 0.373 -0.042
0.268 0.373 -0.041
0.293 0.373 -0.040
0.317 0.373 -0.038
0.341 0.373 -0.035
0.366 0.373 -0.031
0.390 0.373 -0.026
0.415 0.373 -0.021
0.439 0.373 -0.016
0.463 0.373 -0.009
0.488 0.373 -0.003
0.512 0.373 0.003
0.537 0.373 0.009
0.561 0.373 0.016
0.585 0.373 0.021
0.610 0.373 0.026
0.634 0.373 0.031
0.659 0.373 0.035
0.683 0.373 0.038
0.707 0.373 0.040
0.732 0.373 0.041
0.756 0.373 0.042
0.780 0.373 0.041
0.805 0.373 0.039
0.829 0.373 0.037
0.854 0.373 0.033
0.878 0.373 0.029
0.902 0.373 0.024
0.927 0.373 0.018
0.951 0.373 0.013
0.976 0.373 0.006
0.024 0.392 -0.005
0.049 0.392 -0.010
0.073 0.392 -0.015
0.098 0.392 -0.020
0.122 0.392 -0.024
0.146 0.392 -0.027
0.171 0.392 -0.030
0.195 0.392 -0.032
0.220 0.392 -0.034
0.244 0.392 -0.034
0.268 0.392 -0.034
0.293 0.392 -0.033
0.317 0.392 -0.031
0.341 0.392 -0.029
0.366 0.392 -0.026
0.390 0.392 -0.022
0.415 0.392 -0.018
0.439 0.392 -0.013
0.463 0.392 -0.008
0.488 0.392 -0.003
0.512 0.392 0.003
0.537 0.392 0.008
0.561 0.392 0.013
0.585 0.392 0.018
0.610 0.392 0.022
0.634 0.392 0.026
0.659 0.392 0.029
0.683 0.392 0.031
0.707 0.392 0.033
0.732 0.392 0.034
0.756 0.392 0.034
0.780 0.392 0.034
0.805 0.392 0.032
0.829 0.392 0.030
0.854 0.392 0.027
0.878 0.392 0.024
0.902 0.392 0.020
0.927 0.392 0.015
0.951 0.392 0.010
0.976 0.392 0.005
0.024 0.412 -0.004
0.049 0.412 -0.009
0.073 0.412 -0.013
0.098 0.412 -0.016
0.122 0.412 -0.020
0.146 0.412 -0.023
0.171 0.412 -0.025
0.195 0.412 -0.027
0.220 0.412 -0.028
0.244 0.412 -0.028
0.268 0.412 -0.028
0.293 0.412 -0.027
0.317 0.412 -0.026
0.341 0.412 -0.024
0.366 0.412 -0.021
0.390 0.412 -0.018
0.415 0.412 -0.015
0.439 0.412 -0.011
0.463 0.412 -0.006
0.488 0.412 -0.002
0.512 0.412 0.002
0.537 0.412 0.006
0.561 0.412 0.011
0.585 0.412 0.015
0.610 0.412 0.018
0.634 0.412 0.021
0.659 0.412 0.024
0.683 0.412 0.026
0.707 0.412 0.027
0.732 0.412 0.028
0.756 0.412 0.028
0.780 0.412 0.028
0.805 0.412 0.027
0.829 0.412 0.025
0.854 0.412 0.023
0.878 0.412 0.020
0.902 0.412 0.016
0.927 0.412 0.013
0.951 0.412 0.009
0.976 0.412 0.004
0.024 0.431 -0.004
0.049 0.431 -0.007
0.073 0.431 -0.010
0.098 0.431 -0.014
0.122 0.431 -0.016
0.146 0.431 -0.019
0.171 0.431 -0.021
0.195 0.431 -0.022
0.220 0.431 -0.023
0.244 0.431 -0.024
0.268 0.431 -0.023
0.293 0.431 -0.023
0.317 0.431 -0.021
0.341 0.431 -0.020
0.366 0.431 -0.018
0.390 0.431 -0.015
0.415 0.431 -0.012
0.439 0.431 -0.009
0.463 0.431 -0.005
0.488 0.431 -0.002
0.512 0.431 0.002
0.537 0.431 0.005
0.561 0.431 0.009
0.585 0.431 0.012
0.610 0.431 0.015
0.634 0.431 0.018
0.659 0.431 0.020
0.683 0.431 0.021
0.707 0.431 0.023
0.732 0.431 0.023
0.756 0.431 0.024
0.780 0.431 0.023
0.805 0.431 0.022
0.829 0.431 0.021
0.854 0.431 0.019
0.878 0.431 0.016
0.902 0.431 0.014
0.927 0.431 0.010
0.951 0.431 0.007
0.976 0.431 0.004
0.024 0.451 -0.003
0.049 0.451 -0.006
0.073 0.451 -0.009
0.098 0.451 -0.011
0.122 0.451 -0.013
0.146 0.451 -0.015
0.171 0.451 -0.017
0.195 0.451 -0.018
0.220 0.451 -0.019
0.244 0.451 -0.019
0.268 0.451 -0.019
0.293 0.451 -0.019
0.317 0.451 -0.018
0.341 0.451 -0.016
0.366 0.451 -0.015
0.390 0.451 -0.012
0.415 0.451 -0.010
0.439 0.451 -0.007
0.463 0.451 -0.004
0.488 0.451 -0.001
0.512 0.451 0.001
0.537 0.451 0.004
0.561 0.451 0.007
0.585 0.451 0.010
0.610 0.451 0.012
0.634 0.451 0.015
0.659 0.451 0.016
0.683 0.451 0.018
0.707 0.451 0.019
0.732 0.451 0.019
0.756 0.451 0.019
0.780 0.451 0.019
0.805 0.451 0.018
0.829 0.451 0.017
0.854 0.451 0.015
0.878 0.451 0.013
0.902 0.451 0.011
0.927 0.451 0.009
0.951 0.451 0.006
0.976 0.451 0.003
0.024 0.471 -0.002
0.049 0.471 -0.005
0.073 0.471 -0.007
0.098 0.471 -0.009
0.122 0.471 -0.011
0.146 0.471 -0.013
0.171 0.471 -0.014
0.195 0.471 -0.015
0.220 0.471 -0.016
0.244 0.471 -0.016
0.268 0.471 -0.016
0.293 0.471 -0.016
0.317 0.471 -0.015
0.341 0.471 -0.014
0.366 0.471 -0.012
0.390 0.471 -0.010
0.415 0.471 -0.008
0.439 0.471 -0.006
0.463 0.471 -0.004
0.488 0.471 -0.001
0.512 0.471 0.001
0.537 0.471 0.004
0.561 0.471 0.006
0.585 0.471 0.008
0.610 0.471 0.010
0.634 0.471 0.012
0.659 0.471 0.014
0.683 0.471 0.015
0.707 0.471 0.016
0.732 0.471 0.016
0.756 0.471 0.016
0.780 0.471 0.016
0.805 0.471 0.015
0.829 0.471 0.014
0.854 0.471 0.013
0.878 0.471 0.011
0.902 0.471 0.009
0.927 0.471 0.007
0.951 0.471 0.005
0.976 0.471 0.002
0.024 0.490 -0.002
0.049 0.490 -0.004
0.073 0.490 -0.006
0.098 0.490 -0.008
0.122 0.490 -0.009
0.146 0.490 -0.011
0.171 0.490 -0.012
0.195 0.490 -0.013
0.220 0.490 -0.013
0.244 0.490 -0.013
0.268 0.490 -0.013
0.293 0.490 -0.013
0.317 0.490 -0.012
0.341 0.490 -0.011
0.366 0.490 -0.010
0.390 0.490 -0.008
0.415 0.490 -0.007
0.439 0.490 -0.005
0.463 0.490 -0.003
0.488 0.490 -0.001
0.512 0.490 0.001
0.537 0.490 0.003
0.561 0.490 0.005
0.585 0.490 0.007
0.610 0.490 0.008
0.634 0.490 0.010
0.659 0.490 0.011
0.683 0.490 0.012
0.707 0.490 0.013
0.732 0.490 0.013
0.756 0.490 0.013
0.780 0.490 0.013
0.805 0.490 0.013
0.829 0.490 0.012
0.854 0.490 0.011
0.878 0.490 0.009
0.902 0.490 0.008
0.927 0.490 0.006
0.951 0.490 0.004
0.976 0.490 0.002
0.024 0.510 -0.002
0.049 0.510 -0.003
0.073 0.510 -0.005
0.098 0.510 -0.006
0.122 0.510 -0.008
0.146 0.510 -0.009
0.171 0.510 -0.010
0.195 0.510 -0.010
0.220 0.510 -0.011
0.244 0.510 -0.011
0.268 0.510 -0.011
0.293 0.510 -0.011
0.317 0.510 -0.010
0.341 0.510 -0.009
0.366 0.510 -0.008
0.390 0.510 -0.007
0.415 0.510 -0.006
0.439 0.510 -0.004
0.463 0.510 -0.003
0.488 0.510 -0.001
0.512 0.510 0.001
0.537 0.510 0.003
0.561 0.510 0.004
0.585 0.510 0.006
0.610 0.510 0.007
0.634 0.510 0.008
0.659 0.510 0.009
0.683 0.510 0.010
0.707 0.510 0.011
0.732 0.510 0.011
0.756 0.510 0.011
0.780 0.510 0.011
0.805 0.510 0.010
0.829 0.510 0.010
0.854 0.510 0.009
0.878 0.510 0.008
0.902 0.510 0.006
0.927 0.510 0.005
0.951 0.510 0.003
0.976 0.510 0.002
0.024 0.529 -0.001
0.049 0.529 -0.003
0.073 0.529 -0.004
0.098 0.529 -0.005
0.122 0.529 -0.006
0.146 0.529 -0.007
0.171 0.529 -0.008
0.195 0.529 -0.009
0.220 0.529 -0.009
0.244 0.529 -0.009
0.268 0.529 -0.009
0.293 0.529 -0.009
0.317 0.529 -0.008
0.341 0.529 -0.008
0.366 0.529 -0.007
0.390 0.529 -0.006
0.415 0.529 -0.005
0.439 0.529 -0.003
0.463 0.529 -0.002
0.488 0.529 -0.001
0.512 0.529 0.001
0.537 0.529 0.002
0.561 0.529 0.003
0.585 0.529 0.005
0.610 0.529 0.006
0.634 0.529 0.007
0.659 0.529 0.008
0.683 0.529 0.008
0.707 0.529 0.009
0.732 0.529 0.009
0.756 0.529 0.009
0.780 0.529 0.009
0.805 0.529 0.009
0.829 0.529 0.008
0.854 0.529 0.007
0.878 0.529 0.006
0.902 0.529 0.005
0.927 0.529 0.004
0.951 0.529 0.003
0.976 0.529 0.001
0.024 0.549 -0.001
0.049 0.549 -0.002
0.073 0.549 -0.003
0.098 0.549 -0.004
0.122 0.549 -0.005
0.146 0.549 -0.006
0.171 0.549 -0.007
0.195 0.549 -0.007
0.220 0.549 -0.007
0.244 0.549 -0.008
0.268 0.549 -0.007
0.293 0.549 -0.007
0.317 0.549 -0.007
0.341 0.549 -0.006
0.366 0.549 -0.006
0.390 0.549 -0.005
0.415 0.549 -0.004
0.439 0.549 -0.003
0.463 0.549 -0.002
0.488 0.549 -0.001
0.512 0.549 0.001
0.537 0.549 0.002
0.561 0.549 0.003
0.585 0.549 0.004
0.610 0.549 0.005
0.634 0.549 0.006
0.659 0.549 0.006
0.683 0.549 0.007
0.707 0.549 0.007
0.732 0.549 0.007
0.756 0.549 0.008
0.780 0.549 0.007
0.805 0.549 0.007
0.829 0.549 0.007
0.854 0.549 0.006
0.878 0.549 0.005
0.902 0.549 0.004
0.927 0.549 0.003
0.951 0.549 0.002
0.976 0.549 0.001
0.024 0.569 -0.001
0.049 0.569 -0.002
0.073 0.569 -0.003
0.098 0.569 -0.004
0.122 0.569 -0.004
0.146 0.569 -0.005
0.171 0.569 -0.005
0.195 0.569 -0.006
0.220 0.569 -0.006
0.244 0.569 -0.006
0.268 0.569 -0.006
0.293 0.569 -0.006
0.317 0.569 -0.006
0.341 0.569 -0.005
0.366 0.569 -0.005
0.390 0.569 -0.004
0.415 0.569 -0.003
0.439 0.569 -0.002
0.463 0.569 -0.001
0.488 0.569 -0.000
0.512 0.569 0.000
0.537 0.569 0.001
0.561 0.569 0.002
0.585 0.569 0.003
0.610 0.569 0.004
0.634 0.569 0.005
0.659 0.569 0.005
0.683 0.569 0.006
0.707 0.569 0.006
0.732 0.569 0.006
0.756 0.569 0.006
0.780 0.569 0.006
0.805 0.569 0.006
0.829 0.569 0.005
0.854 0.569 0.005
0.878 0.569 0.004
0.902 0.569 0.004
0.927 0.569 0.003
0.951 0.569 0.002
0.976 0.569 0.001
0.024 0.588 -0.001
0.049 0.588 -0.002
0.073 0.588 -0.002
0.098 0.588 -0.003
0.122 0.588 -0.004
0.146 0.588 -0.004
0.171 0.588 -0.005
0.195 0.588 -0.005
0.220 0.588 -0.005
0.244 0.588 -0.005
0.268 0.588 -0.005
0.293 0.588 -0.005
0.317 0.588 -0.005
0.341 0.588 -0.004
0.366 0.588 -0.004
0.390 0.588 -0.003
0.415 0.588 -0.003
0.439 0.588 -0.002
0.463 0.588 -0.001
0.488 0.588 -0.000
0.512 0.588 0.000
0.537 0.588 0.001
0.561 0.588 0.002
0.585 0.588 0.003
0.610 0.588 0.003
0.634 0.588 0.004
0.659 0.588 0.004
0.683 0.588 0.005
0.707 0.588 0.005
0.732 0.588 0.005
0.756 0.588 0.005
0.780 0.588 0.005
0.805 0.588 0.005
0.829 0.588 0.005
0.854 0.588 0.004
0.878 0.588 0.004
0.902 0.588 0.003
0.927 0.588 0.002
0.951 0.588 0.002
0.976 0.588 0.001
0.024 0.608 -0.001
0.049 0.608 -0.001
0.073 0.608 -0.002
0.098 0.608 -0.002
0.122 0.608 -0.003
0.146 0.608 -0.003
0.171 0.608 -0.004
0.195 0.608 -0.004
0.220 0.608 -0.004
0.244 0.608 -0.004
0.268 0.608 -0.004
0.293 0.608 -0.004
0.317 0.608 -0.004
0.341 0.608 -0.004
0.366 0.608 -0.003
0.390 0.608 -0.003
0.415 0.608 -0.002
0.439 0.608 -0.002
0.463 0.608 -0.001
0.488 0.608 -0.000
0.512 0.608 0.000
0.537 0.608 0.001
0.561 0.608 0.002
0.585 0.608 0.002
0.610 0.608 0.003
0.634 0.608 0.003
0.659 0.608 0.004
0.683 0.608 0.004
0.707 0.608 0.004
0.732 0.608 0.004
0.756 0.608 0.004
0.780 0.608 0.004
0.805 0.608 0.004
0.829 0.608 0.004
0.854 0.608 0.003
0.878 0.608 0.003
0.902 0.608 0.002
0.927 0.608 0.002
0.951 0.608 0.001
0.976 0.608 0.001
0.024 0.627 -0.001
0.049 0.627 -0.001
0.073 0.627 -0.002
0.098 0.627 -0.002
0.122 0.627 -0.002
0.146 0.627 -0.003
0.171 0.627 -0.003
0.195 0.627 -0.003
0.220 0.627 -0.003
0.244 0.627 -0.004
0.268 0.627 -0.003
0.293 0.627 -0.003
0.317 0.627 -0.003
0.341 0.627 -0.003
0.366 0.627 -0.003
0.390 0.627 -0.002
0.415 0.627 -0.002
0.439 0.627 -0.001
0.463 0.627 -0.001
0.488 0.627 -0.000
0.512 0.627 0.000
0.537 0.627 0.001
0.561 0.627 0.001
0.585 0.627 0.002
0.610 0.627 0.002
0.634 0.627 0.003
0.659 0.627 0.003
0.683 0.627 0.003
0.707 0.627 0.003
0.732 0.627 0.003
0.756 0.627 0.004
0.780 0.627 0.003
0.805 0.627 0.003
0.829 0.627 0.003
0.854 0.627 0.003
0.878 0.627 0.002
0.902 0.627 0.002
0.927 0.627 0.002
0.951 0.627 0.001
0.976 0.627 0.001
0.024 0.647 -0.000
0.049 0.647 -0.001
0.073 0.647 -0.001
0.098 0.647 -0.002
0.122 0.647 -0.002
0.146 0.647 -0.002
0.171 0.647 -0.003
0.195 0.647 -0.003
0.220 0.647 -0.003
0.244 0.647 -0.003
0.268 0.647 -0.003
0.293 0.647 -0.003
0.317 0.647 -0.003
0.341 0.647 -0.002
0.366 0.647 -0.002
0.390 0.647 -0.002
0.415 0.647 -0.001
0.439 0.647 -0.001
0.463 0.647 -0.001
0.488 0.647 -0.000
0.512 0.647 0.000
0.537 0.647 0.001
0.561 0.647 0.001
0.585 0.647 0.001
0.610 0.647 0.002
0.634 0.647 0.002
0.659 0.647 0.002
0.683 0.647 0.003
0.707 0.647 0.003
0.732 0.647 0.003
0.756 0.647 0.003
0.780 0.647 0.003
0.805 0.647 0.003
0.829 0.647 0.003
0.854 0.647 0.002
0.878 0.647 0.002
0.902 0.647 0.002
0.927 0.647 0.001
0.951 0.647 0.001
0.976 0.647 0.000
0.024 0.667 -0.000
0.049 0.667 -0.001
0.073 0.667 -0.001
0.098 0.667 -0.001
0.122 0.667 -0.002
0.146 0.667 -0.002
0.171 0.667 -0.002
0.195 0.667 -0.002
0.220 0.667 -0.002
0.244 0.667 -0.002
0.268 0.667 -0.002
0.293 0.667 -0.002
0.317 0.667 -0.002
0.341 0.667 -0.002
0.366 0.667 -0.002
0.390 0.667 -0.002
0.415 0.667 -0.001
0.439 0.667 -0.001
0.463 0.667 -0.001
0.488 0.667 -0.000
0.512 0.667 0.000
0.537 0.667 0.001
0.561 0.667 0.001
0.585 0.667 0.001
0.610 0.667 0.002
0.634 0.667 0.002
0.659 0.667 0.002
0.683 0.667 0.002
0.707 0.667 0.002
0.732 0.667 0.002
0.756 0.667 0.002
0.780 0.667 0.002
0.805 0.667 0.002
0.829 0.667 0.002
0.854 0.667 0.002
0.878 0.667 0.002
0.902 0.667 0.001
0.927 0.667 0.001
0.951 0.667 0.001
0.976 0.667 0.000
0.024 0.686 -0.000
0.049 0.686 -0.001
0.073 0.686 -0.001
0.098 0.686 -0.001
0.122 0.686 -0.001
0.146 0.686 -0.002
0.171 0.686 -0.002
0.195 0.686 -0.002
0.220 0.686 -0.002
0.244 0.686 -0.002
0.268 0.686 -0.002
0.293 0.686 -0.002
0.317 0.686 -0.002
0.341 0.686 -0.002
0.366 0.686 -0.001
0.390 0.686 -0.001
0.415 0.686 -0.001
0.439 0.686 -0.001
0.463 0.686 -0.000
0.488 0.686 -0.000
0.512 0.686 0.000
0.537 0.686 0.000
0.561 0.686 0.001
0.585 0.686 0.001
0.610 0.686 0.001
0.634 0.686 0.001
0.659 0.686 0.002
0.683 0.686 0.002
0.707 0.686 0.002
0.732 0.686 0.002
0.756 0.686 0.002
0.780 0.686 0.002
0.805 0.686 0.002
0.829 0.686 0.002
0.854 0.686 0.002
0.878 0.686 0.001
0.902 0.686 0.001
0.927 0.686 0.001
0.951 0.686 0.001
0.976 0.686 0.000
0.024 0.706 -0.000
0.049 0.706 -0.000
0.073 0.706 -0.001
0.098 0.706 -0.001
0.122 0.706 -0.001
0.146 0.706 -0.001
0.171 0.706 -0.001
0.195 0.706 -0.002
0.220 0.706 -0.002
0.244 0.706 -0.002
0.268 0.706 -0.002
0.293 0.706 -0.002
0.317 0.706 -0.001
0.341 0.706 -0.001
0.366 0.706 -0.001
0.390 0.706 -0.001
0.415 0.706 -0.001
0.439 0.706 -0.001
0.463 0.706 -0.000
0.488 0.706 -0.000
0.512 0.706 0.000
0.537 0.706 0.000
0.561 0.706 0.001
0.585 0.706 0.001
0.610 0.706 0.001
0.634 0.706 0.001
0.659 0.706 0.001
0.683 0.706 0.001
0.707 0.706 0.002
0.732 0.706 0.002
0.756 0.706 0.002
0.780 0.706 0.002
0.805 0.706 0.002
0.829 0.706 0.001
0.854 0.706 0.001
0.878 0.706 0.001
0.902 0.706 0.001
0.927 0.706 0.001
0.951 0.706 0.000
0.976 0.706 0.000
0.024 0.725 -0.000
0.049 0.725 -0.000
0.073 0.725 -0.001
0.098 0.725 -0.001
0.122 0.725 -0.001
0.146 0.725 -0.001
0.171 0.725 -0.001
0.195 0.725 -0.001
0.220 0.725 -0.001
0.244 0.725 -0.001
0.268 0.725 -0.001
0.293 0.725 -0.001
0.317 0.725 -0.001
0.341 0.725 -0.001
0.366 0.725 -0.001
0.390 0.725 -0.001
0.415 0.725 -0.001
0.439 0.725 -0.001
0.463 0.725 -0.000
0.488 0.725 -0.000
0.512 0.725 0.000
0.537 0.725 0.000
0.561 0.725 0.001
0.585 0.725 0.001
0.610 0.725 0.001
0.634 0.725 0.001
0.659 0.725 0.001
0.683 0.725 0.001
0.707 0.725 0.001
0.732 0.725 0.001
0.756 0.725 0.001
0.780 0.725 0.001
0.805 0.725 0.001
0.829 0.725 0.001
0.854 0.725 0.001
0.878 0.725 0.001
0.902 0.725 0.001
0.927 0.725 0.001
0.951 0.725 0.000
0.976 0.725 0.000
0.024 0.745 -0.000
0.049 0.745 -0.000
0.073 0.745 -0.000
0.098 0.745 -0.001
0.122 0.745 -0.001
0.146 0.745 -0.001
0.171 0.745 -0.001
0.195 0.745 -0.001
0.220 0.745 -0.001
0.244 0.745 -0.001
0.268 0.745 -0.001
0.293 0.745 -0.001
0.317 0.745 -0.001
0.341 0.745 -0.001
0.366 0.745 -0.001
0.390 0.745 -0.001
0.415 0.745 -0.001
0.439 0.745 -0.000
0.463 0.745 -0.000
0.488 0.745 -0.000
0.512 0.745 0.000
0.537 0.745 0.000
0.561 0.745 0.000
0.585 0.745 0.001
0.610 0.745 0.001
0.634 0.745 0.001
0.659 0.745 0.001
0.683 0.745 0.001
0.707 0.745 0.001
0.732 0.745 0.001
0.756 0.745 0.001
0.780 0.745 0.001
0.805 0.745 0.001
0.829 0.745 0.001
0.854 0.745 0.001
0.878 0.745 0.001
0.902 0.745 0.001
0.927 0.745 0.000
0.951 0.745 0.000
0.976 0.745 0.000
0.024 0.765 -0.000
0.049 0.765 -0.000
0.073 0.765 -0.000
0.098 0.765 -0.001
0.122 0.765 -0.001
0.146 0.765 -0.001
0.171 0.765 -0.001
0.195 0.765 -0.001
0.220 0.765 -0.001
0.244 0.765 -0.001
0.268 0.765 -0.001
0.293 0.765 -0.001
0.317 0.765 -0.001
0.341 0.765 -0.001
0.366 0.765 -0.001
0.390 0.765 -0.001
0.415 0.765 -0.000
0.439 0.765 -0.000
0.463 0.765 -0.000
0.488 0.765 -0.000
0.512 0.765 0.000
0.537 0.765 0.000
0.561 0.765 0.000
0.585 0.765 0.000
0.610 0.765 0.001
0.634 0.765 0.001
0.659 0.765 0.001
0.683 0.765 0.001
0.707 0.765 0.001
0.732 0.765 0.001
0.756 0.765 0.001
0.780 0.765 0.001
0.805 0.765 0.001
0.829 0.765 0.001
0.854 0.765 0.001
0.878 0.765 0.001
0.902 0.765 0.001
0.927 0.765 0.000
0.951 0.765 0.000
0.976 0.765 0.000
0.024 0.784 -0.000
0.049 0.784 -0.000
0.073 0.784 -0.000
0.098 0.784 -0.000
0.122 0.784 -0.001
0.146 0.784 -0.001
0.171 0.784 -0.001
0.195 0.784 -0.001
0.220 0.784 -0.001
0.244 0.784 -0.001
0.268 0.784 -0.001
0.293 0.784 -0.001
0.317 0.784 -0.001
0.341 0.784 -0.001
0.366 0.784 -0.001
0.390 0.784 -0.000
0.415 0.784 -0.000
0.439 0.784 -0.000
0.463 0.784 -0.000
0.488 0.784 -0.000
0.512 0.784 0.000
0.537 0.784 0.000
0.561 0.784 0.000
0.585 0.784 0.000
0.610 0.784 0.000
0.634 0.784 0.001
0.659 0.784 0.001
0.683 0.784 0.001
0.707 0.784 0.001
0.732 0.784 0.001
0.756 0.784 0.001
0.780 0.784 0.001
0.805 0.784 0.001
0.829 0.784 0.001
0.854 0.784 0.001
0.878 0.784 0.001
0.902 0.784 0.000
0.927 0.784 0.000
0.951 0.784 0.000
0.976 0.784 0.000
0.024 0.804 -0.000
0.049 0.804 -0.000
0.073 0.804 -0.000
0.098 0.804 -0.000
0.122 0.804 -0.000
0.146 0.804 -0.000
0.171 0.804 -0.001
0.195 0.804 -0.001
0.220 0.804 -0.001
0.244 0.804 -0.001
0.268 0.804 -0.001
0.293 0.804 -0.001
0.317 0.804 -0.001
0.341 0.804 -0.001
0.366 0.804 -0.000
0.390 0.804 -0.000
0.415 0.804 -0.000
0.439 0.804 -0.000
0.463 0.804 -0.000
0.488 0.804 -0.000
0.512 0.804 0.000
0.537 0.804 0.000
0.561 0.804 0.000
0.585 0.804 0.000
0.610 0.804 0.000
0.634 0.804 0.000
0.659 0.804 0.001
0.683 0.804 0.001
0.707 0.804 0.001
0.732 0.804 0.001
0.756 0.804 0.001
0.780 0.804 0.001
0.805 0.804 0.001
0.829 0.804 0.001
0.854 0.804 0.000
0.878 0.804 0.000
0.902 0.804 0.000
0.927 0.804 0.000
0.951 0.804 0.000
0.976 0.804 0.000
0.024 0.824 -0.000
0.049 0.824 -0.000
0.073 0.824 -0.000
0.098 0.824 -0.000
0.122 0.824 -0.000
0.146 0.824 -0.000
0.171 0.824 -0.000
0.195 0.824 -0.000
0.220 0.824 -0.000
0.244 0.824 -0.001
0.268 0.824 -0.001
0.293 0.824 -0.000
0.317 0.824 -0.000
0.341 0.824 -0.000
0.366 0.824 -0.000
0.390 0.824 -0.000
0.415 0.824 -0.000
0.439 0.824 -0.000
0.463 0.824 -0.000
0.488 0.824 -0.000
0.512 0.824 0.000
0.537 0.824 0.000
0.561 0.824 0.000
0.585 0.824 0.000
0.610 0.824 0.000
0.634 0.824 0.000
0.659 0.824 0.000
0.683 0.824 0.000
0.707 0.824 0.000
0.732 0.824 0.001
0.756 0.824 0.001
0.780 0.824 0.000
0.805 0.824 0.000
0.829 0.824 0.000
0.854 0.824 0.000
0.878 0.824 0.000
0.902 0.824 0.000
0.927 0.824 0.000
0.951 0.824 0.000
0.976 0.824 0.000
0.024 0.843 -0.000
0.049 0.843 -0.000
0.073 0.843 -0.000
0.098 0.843 -0.000
0.122 0.843 -0.000
0.146 0.843 -0.000
0.171 0.843 -0.000
0.195 0.843 -0.000
0.220 0.843 -0.000
0.244 0.843 -0.000
0.268 0.843 -0.000
0.293 0.843 -0.000
0.317 0.843 -0.000
0.341 0.843 -0.000
0.366 0.843 -0.000
0.390 0.843 -0.000
0.415 0.843 -0.000
0.439 0.843 -0.000
0.463 0.843 -0.000
0.488 0.843 -0.000
0.512 0.843 0.000
0.537 0.843 0.000
0.561 0.843 0.000
0.585 0.843 0.000
0.610 0.843 0.000
0.634 0.843 0.000
0.659 0.843 0.000
0.683 0.843 0.000
0.707 0.843 0.000
0.732 0.843 0.000
0.756 0.843 0.000
0.780 0.843 0.000
0.805 0.843 0.000
0.829 0.843 0.000
0.854 0.843 0.000
0.878 0.843 0.000
0.902 0.843 0.000
0.927 0.843 0.000
0.951 0.843 0.000
0.976 0.843 0.000
0.024 0.863 -0.000
0.049 0.863 -0.000
0.073 0.863 -0.000
0.098 0.863 -0.000
0.122 0.863 -0.000
0.146 0.863 -0.000
0.171 0.863 -0.000
0.195 0.863 -0.000
0.220 0.863 -0.000
0.244 0.863 -0.000
0.268 0.863 -0.000
0.293 0.863 -0.000
0.317 0.863 -0.000
0.341 0.863 -0.000
0.366 0.863 -0.000
0.390 0.863 -0.000
0.415 0.863 -0.000
0.439 0.863 -0.000
0.463 0.863 -0.000
0.488 0.863 -0.000
0.512 0.863 0.000
0.537 0.863 0.000
0.561 0.863 0.000
0.585 0.863 0.000
0.610 0.863 0.000
0.634 0.863 0.000
0.659 0.863 0.000
0.683 0.863 0.000
0.707 0.863 0.000
0.732 0.863 0.000
0.756 0.863 0.000
0.780 0.863 0.000
0.805 0.863 0.000
0.829 0.863 0.000
0.854 0.863 0.000
0.878 0.863 0.000
0.902 0.863 0.000
0.927 0.863 0.000
0.951 0.863 0.000
0.976 0.863 0.000
0.024 0.882 -0.000
0.049 0.882 -0.000
0.073 0.882 -0.000
0.098 0.882 -0.000
0.122 0.882 -0.000
0.146 0.882 -0.000
0.171 0.882 -0.000
0.195 0.882 -0.000
0.220 0.882 -0.000
0.244 0.882 -0.000
0.268 0.882 -0.000
0.293 0.882 -0.000
0.317 0.882 -0.000
0.341 0.882 -0.000
0.366 0.882 -0.000
0.390 0.882 -0.000
0.415 0.882 -0.000
0.439 0.882 -0.000
0.463 0.882 -0.000
0.488 0.882 -0.000
0.512 0.882 0.000
0.537 0.882 0.000
0.561 0.882 0.000
0.585 0.882 0.000
0.610 0.882 0.000
0.634 0.882 0.000
0.659 0.882 0.000
0.683 0.882 0.000
0.707 0.882 0.000
0.732 0.882 0.000
0.756 0.882 0.000
0.780 0.882 0.000
0.805 0.882 0.000
0.829 0.882 0.000
0.854 0.882 0.000
0.878 0.882 0.000
0.902 0.882 0.000
0.927 0.882 0.000
0.951 0.882 0.000
0.976 0.882 0.000
0.024 0.902 -0.000
0.049 0.902 -0.000
0.073 0.902 -0.000
0.098 0.902 -0.000
0.122 0.902 -0.000
0.146 0.902 -0.000
0.171 0.902 -0.000
0.195 0.902 -0.000
0.220 0.902 -0.000
0.244 0.902 -0.000
0.268 0.902 -0.000
0.293 0.902 -0.000
0.317 0.902 -0.000
0.341 0.902 -0.000
0.366 0.902 -0.000
0.390 0.902 -0.000
0.415 0.902 -0.000
0.439 0.902 -0.000
0.463 0.902 -0.000
0.488 0.902 -0.000
0.512 0.902 0.000
0.537 0.902 0.000
0.561 0.902 0.000
0.585 0.902 0.000
0.610 0.902 0.000
0.634 0.902 0.000
0.659 0.902 0.000
0.683 0.902 0.000
0.707 0.902 0.000
0.732 0.902 0.000
0.756 0.902 0.000
0.780 0.902 0.000
0.805 0.902 0.000
0.829 0.902 0.000
0.854 0.902 0.000
0.878 0.902 0.000
0.902 0.902 0.000
0.927 0.902 0.000
0.951 0.902 0.000
0.976 0.902 0.000
0.024 0.922 -0.000
0.049 0.922 -0.000
0.073 0.922 -0.000
0.098 0.922 -0.000
0.122 0.922 -0.000
0.146 0.922 -0.000
0.171 0.922 -0.000
0.195 0.922 -0.000
0.220 0.922 -0.000
0.244 0.922 -0.000
0.268 0.922 -0.000
0.293 0.922 -0.000
0.317 0.922 -0.000
0.341 0.922 -0.000
0.366 0.922 -0.000
0.390 0.922 -0.000
0.415 0.922 -0.000
0.439 0.922 -0.000
0.463 0.922 -0.000
0.488 0.922 -0.000
0.512 0.922 0.000
0.537 0.922 0.000
0.561 0.922 0.000
0.585 0.922 0.000
0.610 0.922 0.000
0.634 0.922 0.000
0.659 0.922 0.000
0.683 0.922 0.000
0.707 0.922 0.000
0.732 0.922 0.000
0.756 0.922 0.000
0.780 0.922 0.000
0.805 0.922 0.000
0.829 0.922 0.000
0.854 0.922 0.000
0.878 0.922 0.000
0.902 0.922 0.000
0.927 0.922 0.000
0.951 0.922 0.000
0.976 0.922 0.000
0.024 0.941 -0.000
0.049 0.941 -0.000
0.073 0.941 -0.000
0.098 0.941 -0.000
0.122 0.941 -0.000
0.146 0.941 -0.000
0.171 0.941 -0.000
0.195 0.941 -0.000
0.220 0.941 -0.000
0.244 0.941 -0.000
0.268 0.941 -0.000
0.293 0.941 -0.000
0.317 0.941 -0.000
0.341 0.941 -0.000
0.366 0.941 -0.000
0.390 0.941 -0.000
0.415 0.941 -0.000
0.439 0.941 -0.000
0.463 0.941 -0.000
0.488 0.941 -0.000
0.512 0.941 0.000
0.537 0.941 0.000
0.561 0.941 0.000
0.585 0.941 0.000
0.610 0.941 0.000
0.634 0.941 0.000
0.659 0.941 0.000
0.683 0.941 0.000
0.707 0.941 0.000
0.732 0.941 0.000
0.756 0.941 0.000
0.780 0.941 0.000
0.805 0.941 0.000
0.829 0.941 0.000
0.854 0.941 0.000
0.878 0.941 0.000
0.902 0.941 0.000
0.927 0.941 0.000
0.951 0.941 0.000
0.976 0.941 0.000
0.024 0.961 -0.000
0.049 0.961 -0.000
0.073 0.961 -0.000
0.098 0.961 -0.000
0.122 0.961 -0.000
0.146 0.961 -0.000
0.171 0.961 -0.000
0.195 0.961 -0.000
0.220 0.961 -0.000
0.244 0.961 -0.000
0.268 0.961 -0.000
0.293 0.961 -0.000
0.317 0.961 -0.000
0.341 0.961 -0.000
0.366 0.961 -0.000
0.390 0.961 -0.000
0.415 0.961 -0.000
0.439 0.961 -0.000
0.463 0.961 -0.000
0.488 0.961 -0.000
0.512 0.961 0.000
0.537 0.961 0.000
0.561 0.961 0.000
0.585 0.961 0.000
0.610 0.961 0.000
0.634 0.961 0.000
0.659 0.961 0.000
0.683 0.961 0.000
0.707 0.961 0.000
0.732 0.961 0.000
0.756 0.961 0.000
0.780 0.961 0.000
0.805 0.961 0.000
0.829 0.961 0.000
0.854 0.961 0.000
0.878 0.961 0.000
0.902 0.961 0.000
0.927 0.961 0.000
0.951 0.961 0.000
0.976 0.961 0.000
0.024 0.980 -0.000
0.049 0.980 -0.000
0.073 0.980 -0.000
0.098 0.980 -0.000
0.122 0.980 -0.000
0.146 0.980 -0.000
0.171 0.980 -0.000
0.195 0.980 -0.000
0.220 0.980 -0.000
0.244 0.980 -0.000
0.268 0.980 -0.000
0.293 0.980 -0.000
0.317 0.980 -0.000
0.341 0.980 -0.000
0.366 0.980 -0.000
0.390 0.980 -0.000
0.415 0.980 -0.000
0.439 0.980 -0.000
0.463 0.980 -0.000
0.488 0.980 -0.000
0.512 0.980 0.000
0.537 0.980 0.000
0.561 0.980 0.000
0.585 0.980 0.000
0.610 0.980 0.000
0.634 0.980 0.000
0.659 0.980 0.000
0.683 0.980 0.000
0.707 0.980 0.000
0.732 0.980 0.000
0.756 0.980 0.000
0.780 0.980 0.000
0.805 0.980 0.000
0.829 0.980 0.000
0.854 0.980 0.000
0.878 0.980 0.000
0.902 0.980 0.000
0.927 0.980 0.000
0.951 0.980 0.000
0.976 0.980 0.000
