x y U
3.030303030303030387e-02 3.030303030303030387e-02 -6.749373017094889007e-05
6.060606060606060774e-02 3.030303030303030387e-02 -1.340018744598081872e-04
9.090909090909091161e-02 3.030303030303030387e-02 -1.987653552288835520e-04
1.212121212121212155e-01 3.030303030303030387e-02 -2.612836872511461951e-04
1.515151515151515194e-01 3.030303030303030387e-02 -3.212426267265275121e-04
1.818181818181818232e-01 3.030303030303030387e-02 -3.784215117185905572e-04
2.121212121212121271e-01 3.030303030303030387e-02 -4.326105500285315031e-04
2.424242424242424310e-01 3.030303030303030387e-02 -4.835492610436110993e-04
2.727272727272727071e-01 3.030303030303030387e-02 -5.308897906194991146e-04
3.030303030303030387e-01 3.030303030303030387e-02 -5.741851588349626036e-04
3.333333333333333703e-01 3.030303030303030387e-02 -6.129002529181162362e-04
3.636363636363636465e-01 3.030303030303030387e-02 -6.464416789856669392e-04
3.939393939393939226e-01 3.030303030303030387e-02 -6.742012164705790157e-04
4.242424242424242542e-01 3.030303030303030387e-02 -6.956066292287505729e-04
4.545454545454545858e-01 3.030303030303030387e-02 -7.101731144630101748e-04
4.848484848484848619e-01 3.030303030303030387e-02 -7.175488355619327220e-04
5.151515151515151381e-01 3.030303030303030387e-02 -7.175488355619300115e-04
5.454545454545454142e-01 3.030303030303030387e-02 -7.101731144630042116e-04
5.757575757575758013e-01 3.030303030303030387e-02 -6.956066292287439593e-04
6.060606060606060774e-01 3.030303030303030387e-02 -6.742012164705709926e-04
6.363636363636363535e-01 3.030303030303030387e-02 -6.464416789856578319e-04
6.666666666666667407e-01 3.030303030303030387e-02 -6.129002529181060447e-04
6.969696969696970168e-01 3.030303030303030387e-02 -5.741851588349510026e-04
7.272727272727272929e-01 3.030303030303030387e-02 -5.308897906194861042e-04
7.575757575757575690e-01 3.030303030303030387e-02 -4.835492610435980889e-04
7.878787878787878451e-01 3.030303030303030387e-02 -4.326105500285194684e-04
8.181818181818182323e-01 3.030303030303030387e-02 -3.784215117185797694e-04
8.484848484848485084e-01 3.030303030303030387e-02 -3.212426267265186216e-04
8.787878787878787845e-01 3.030303030303030387e-02 -2.612836872511393647e-04
9.090909090909091717e-01 3.030303030303030387e-02 -1.987653552288785918e-04
9.393939393939394478e-01 3.030303030303030387e-02 -1.340018744598047719e-04
9.696969696969697239e-01 3.030303030303030387e-02 -6.749373017094720956e-05
3.030303030303030387e-02 6.060606060606060774e-02 -1.340018744598120361e-04
6.060606060606060774e-02 6.060606060606060774e-02 -2.648442812852285356e-04
9.090909090909091161e-02 6.060606060606060774e-02 -3.886163573613873835e-04
1.212121212121212155e-01 6.060606060606060774e-02 -5.007215484332823820e-04
1.515151515151515194e-01 6.060606060606060774e-02 -5.962367399940406414e-04
1.818181818181818232e-01 6.060606060606060774e-02 -6.704919597387802577e-04
2.121212121212121271e-01 6.060606060606060774e-02 -7.197844921585981690e-04
2.424242424242424310e-01 6.060606060606060774e-02 -7.420932368541186593e-04
2.727272727272727071e-01 6.060606060606060774e-02 -7.376465340567067404e-04
3.030303030303030387e-01 6.060606060606060774e-02 -7.092153270078881263e-04
3.333333333333333703e-01 6.060606060606060774e-02 -6.620473517868775406e-04
3.636363636363636465e-01 6.060606060606060774e-02 -6.034185368692539025e-04
3.939393939393939226e-01 6.060606060606060774e-02 -5.418442555798842807e-04
4.242424242424242542e-01 6.060606060606060774e-02 -4.860538919533285963e-04
4.545454545454545858e-01 6.060606060606060774e-02 -4.438766336643354166e-04
4.848484848484848619e-01 6.060606060606060774e-02 -4.212064980876629983e-04
5.151515151515151381e-01 6.060606060606060774e-02 -4.212064980876586615e-04
5.454545454545454142e-01 6.060606060606060774e-02 -4.438766336643238156e-04
5.757575757575758013e-01 6.060606060606060774e-02 -4.860538919533162363e-04
6.060606060606060774e-01 6.060606060606060774e-02 -5.418442555798686682e-04
6.363636363636363535e-01 6.060606060606060774e-02 -6.034185368692361216e-04
6.666666666666667407e-01 6.060606060606060774e-02 -6.620473517868570492e-04
6.969696969696970168e-01 6.060606060606060774e-02 -7.092153270078643823e-04
7.272727272727272929e-01 6.060606060606060774e-02 -7.376465340566805027e-04
7.575757575757575690e-01 6.060606060606060774e-02 -7.420932368540930722e-04
7.878787878787878451e-01 6.060606060606060774e-02 -7.197844921585747503e-04
8.181818181818182323e-01 6.060606060606060774e-02 -6.704919597387595494e-04
8.484848484848485084e-01 6.060606060606060774e-02 -5.962367399940230774e-04
8.787878787878787845e-01 6.060606060606060774e-02 -5.007215484332687211e-04
9.090909090909091717e-01 6.060606060606060774e-02 -3.886163573613772462e-04
9.393939393939394478e-01 6.060606060606060774e-02 -2.648442812852215967e-04
9.696969696969697239e-01 6.060606060606060774e-02 -1.340018744598085666e-04
3.030303030303030387e-02 9.090909090909091161e-02 -1.987653552288891627e-04
6.060606060606060774e-02 9.090909090909091161e-02 -3.886163573613872751e-04
9.090909090909091161e-02 9.090909090909091161e-02 -5.546380551323458301e-04
1.212121212121212155e-01 9.090909090909091161e-02 -6.760938627927185699e-04
1.515151515151515194e-01 9.090909090909091161e-02 -7.289961264058533253e-04
1.818181818181818232e-01 9.090909090909091161e-02 -6.899571367457616811e-04
2.121212121212121271e-01 9.090909090909091161e-02 -5.406601728954981475e-04
2.424242424242424310e-01 9.090909090909091161e-02 -2.721622670114216542e-04
2.727272727272727071e-01 9.090909090909091161e-02 1.117799748675530583e-04
3.030303030303030387e-01 9.090909090909091161e-02 5.930458803309538026e-04
3.333333333333333703e-01 9.090909090909091161e-02 1.139581607523262353e-03
3.636363636363636465e-01 9.090909090909091161e-02 1.708024291431517201e-03
3.939393939393939226e-01 9.090909090909091161e-02 2.248251267957334428e-03
4.242424242424242542e-01 9.090909090909091161e-02 2.709253093697335055e-03
4.545454545454545858e-01 9.090909090909091161e-02 3.045487433250920317e-03
4.848484848484848619e-01 9.090909090909091161e-02 3.222764497524040119e-03
5.151515151515151381e-01 9.090909090909091161e-02 3.222764497524046191e-03
5.454545454545454142e-01 9.090909090909091161e-02 3.045487433250938097e-03
5.757575757575758013e-01 9.090909090909091161e-02 2.709253093697355438e-03
6.060606060606060774e-01 9.090909090909091161e-02 2.248251267957356546e-03
6.363636363636363535e-01 9.090909090909091161e-02 1.708024291431542788e-03
6.666666666666667407e-01 9.090909090909091161e-02 1.139581607523292494e-03
6.969696969696970168e-01 9.090909090909091161e-02 5.930458803309886055e-04
7.272727272727272929e-01 9.090909090909091161e-02 1.117799748675920218e-04
7.575757575757575690e-01 9.090909090909091161e-02 -2.721622670113833277e-04
7.878787878787878451e-01 9.090909090909091161e-02 -5.406601728954620436e-04
8.181818181818182323e-01 9.090909090909091161e-02 -6.899571367457294803e-04
8.484848484848485084e-01 9.090909090909091161e-02 -7.289961264058265455e-04
8.787878787878787845e-01 9.090909090909091161e-02 -6.760938627926976448e-04
9.090909090909091717e-01 9.090909090909091161e-02 -5.546380551323302176e-04
9.393939393939394478e-01 9.090909090909091161e-02 -3.886163573613765415e-04
9.696969696969697239e-01 9.090909090909091161e-02 -1.987653552288836062e-04
3.030303030303030387e-02 1.212121212121212155e-01 -2.612836872511521582e-04
6.060606060606060774e-02 1.212121212121212155e-01 -5.007215484332796715e-04
9.090909090909091161e-02 1.212121212121212155e-01 -6.760938627927127152e-04
1.212121212121212155e-01 1.212121212121212155e-01 -7.253161975478854316e-04
1.515151515151515194e-01 1.212121212121212155e-01 -5.750179199100669989e-04
1.818181818181818232e-01 1.212121212121212155e-01 -1.531372532474829014e-04
2.121212121212121271e-01 1.212121212121212155e-01 5.966408151864746991e-04
2.424242424242424310e-01 1.212121212121212155e-01 1.701099178037430038e-03
2.727272727272727071e-01 1.212121212121212155e-01 3.146892061777659469e-03
3.030303030303030387e-01 1.212121212121212155e-01 4.875272354562788790e-03
3.333333333333333703e-01 1.212121212121212155e-01 6.783486545223298830e-03
3.636363636363636465e-01 1.212121212121212155e-01 8.733122643098330945e-03
3.939393939393939226e-01 1.212121212121212155e-01 1.056454584794677687e-02
4.242424242424242542e-01 1.212121212121212155e-01 1.211551064422019576e-02
4.545454545454545858e-01 1.212121212121212155e-01 1.324128027164717634e-02
4.848484848484848619e-01 1.212121212121212155e-01 1.383325278016276846e-02
5.151515151515151381e-01 1.212121212121212155e-01 1.383325278016277540e-02
5.454545454545454142e-01 1.212121212121212155e-01 1.324128027164719716e-02
5.757575757575758013e-01 1.212121212121212155e-01 1.211551064422022005e-02
6.060606060606060774e-01 1.212121212121212155e-01 1.056454584794680462e-02
6.363636363636363535e-01 1.212121212121212155e-01 8.733122643098365639e-03
6.666666666666667407e-01 1.212121212121212155e-01 6.783486545223337862e-03
6.969696969696970168e-01 1.212121212121212155e-01 4.875272354562834760e-03
7.272727272727272929e-01 1.212121212121212155e-01 3.146892061777708909e-03
7.575757575757575690e-01 1.212121212121212155e-01 1.701099178037480345e-03
7.878787878787878451e-01 1.212121212121212155e-01 5.966408151865218619e-04
8.181818181818182323e-01 1.212121212121212155e-01 -1.531372532474402652e-04
8.484848484848485084e-01 1.212121212121212155e-01 -5.750179199100310034e-04
8.787878787878787845e-01 1.212121212121212155e-01 -7.253161975478565919e-04
9.090909090909091717e-01 1.212121212121212155e-01 -6.760938627926911396e-04
9.393939393939394478e-01 1.212121212121212155e-01 -5.007215484332644927e-04
9.696969696969697239e-01 1.212121212121212155e-01 -2.612836872511443520e-04
3.030303030303030387e-02 1.515151515151515194e-01 -3.212426267265320115e-04
6.060606060606060774e-02 1.515151515151515194e-01 -5.962367399940343531e-04
9.090909090909091161e-02 1.515151515151515194e-01 -7.289961264058429169e-04
1.212121212121212155e-01 1.515151515151515194e-01 -5.750179199100620116e-04
1.515151515151515194e-01 1.515151515151515194e-01 3.789656390715331072e-05
1.818181818181818232e-01 1.515151515151515194e-01 1.279360449137604064e-03
2.121212121212121271e-01 1.515151515151515194e-01 3.281866709761336980e-03
2.424242424242424310e-01 1.515151515151515194e-01 6.107910641987475582e-03
2.727272727272727071e-01 1.515151515151515194e-01 9.724766009716681592e-03
3.030303030303030387e-01 1.515151515151515194e-01 1.399195650223816929e-02
3.333333333333333703e-01 1.515151515151515194e-01 1.866458783920941014e-02
3.636363636363636465e-01 1.515151515151515194e-01 2.341319831160634107e-02
3.939393939393939226e-01 1.515151515151515194e-01 2.785806024810548800e-02
4.242424242424242542e-01 1.515151515151515194e-01 3.161338772853079099e-02
4.545454545454545858e-01 1.515151515151515194e-01 3.433511239671659804e-02
4.848484848484848619e-01 1.515151515151515194e-01 3.576510546066052204e-02
5.151515151515151381e-01 1.515151515151515194e-01 3.576510546066053592e-02
5.454545454545454142e-01 1.515151515151515194e-01 3.433511239671662579e-02
5.757575757575758013e-01 1.515151515151515194e-01 3.161338772853081874e-02
6.060606060606060774e-01 1.515151515151515194e-01 2.785806024810551923e-02
6.363636363636363535e-01 1.515151515151515194e-01 2.341319831160637924e-02
6.666666666666667407e-01 1.515151515151515194e-01 1.866458783920945871e-02
6.969696969696970168e-01 1.515151515151515194e-01 1.399195650223822654e-02
7.272727272727272929e-01 1.515151515151515194e-01 9.724766009716742307e-03
7.575757575757575690e-01 1.515151515151515194e-01 6.107910641987538899e-03
7.878787878787878451e-01 1.515151515151515194e-01 3.281866709761396828e-03
8.181818181818182323e-01 1.515151515151515194e-01 1.279360449137658274e-03
8.484848484848485084e-01 1.515151515151515194e-01 3.789656390719996530e-05
8.787878787878787845e-01 1.515151515151515194e-01 -5.750179199100240645e-04
9.090909090909091717e-01 1.515151515151515194e-01 -7.289961264058145108e-04
9.393939393939394478e-01 1.515151515151515194e-01 -5.962367399940142953e-04
9.696969696969697239e-01 1.515151515151515194e-01 -3.212426267265215490e-04
3.030303030303030387e-02 1.818181818181818232e-01 -3.784215117185993392e-04
6.060606060606060774e-02 1.818181818181818232e-01 -6.704919597387826429e-04
9.090909090909091161e-02 1.818181818181818232e-01 -6.899571367457546338e-04
1.212121212121212155e-01 1.818181818181818232e-01 -1.531372532474852325e-04
1.515151515151515194e-01 1.818181818181818232e-01 1.279360449137599944e-03
1.818181818181818232e-01 1.818181818181818232e-01 3.942297231468329735e-03
2.121212121212121271e-01 1.818181818181818232e-01 8.097163338076727307e-03
2.424242424242424310e-01 1.818181818181818232e-01 1.386692357394822203e-02
2.727272727272727071e-01 1.818181818181818232e-01 2.118599692784837660e-02
3.030303030303030387e-01 1.818181818181818232e-01 2.977542928179273407e-02
3.333333333333333703e-01 1.818181818181818232e-01 3.914950597287709250e-02
3.636363636363636465e-01 1.818181818181818232e-01 4.865508988049466882e-02
3.939393939393939226e-01 1.818181818181818232e-01 5.753957888579060154e-02
4.242424242424242542e-01 1.818181818181818232e-01 6.503847592403849687e-02
4.545454545454545858e-01 1.818181818181818232e-01 7.047001741314271039e-02
4.848484848484848619e-01 1.818181818181818232e-01 7.332275676154004218e-02
5.151515151515151381e-01 1.818181818181818232e-01 7.332275676154004218e-02
5.454545454545454142e-01 1.818181818181818232e-01 7.047001741314273815e-02
5.757575757575758013e-01 1.818181818181818232e-01 6.503847592403852462e-02
6.060606060606060774e-01 1.818181818181818232e-01 5.753957888579064317e-02
6.363636363636363535e-01 1.818181818181818232e-01 4.865508988049472433e-02
6.666666666666667407e-01 1.818181818181818232e-01 3.914950597287714801e-02
6.969696969696970168e-01 1.818181818181818232e-01 2.977542928179280346e-02
7.272727272727272929e-01 1.818181818181818232e-01 2.118599692784844946e-02
7.575757575757575690e-01 1.818181818181818232e-01 1.386692357394830183e-02
7.878787878787878451e-01 1.818181818181818232e-01 8.097163338076798431e-03
8.181818181818182323e-01 1.818181818181818232e-01 3.942297231468396522e-03
8.484848484848485084e-01 1.818181818181818232e-01 1.279360449137658057e-03
8.787878787878787845e-01 1.818181818181818232e-01 -1.531372532474374463e-04
9.090909090909091717e-01 1.818181818181818232e-01 -6.899571367457187467e-04
9.393939393939394478e-01 1.818181818181818232e-01 -6.704919597387570557e-04
9.696969696969697239e-01 1.818181818181818232e-01 -3.784215117185860035e-04
3.030303030303030387e-02 2.121212121212121271e-01 -4.326105500285323162e-04
6.060606060606060774e-02 2.121212121212121271e-01 -7.197844921585801713e-04
9.090909090909091161e-02 2.121212121212121271e-01 -5.406601728954610678e-04
1.212121212121212155e-01 2.121212121212121271e-01 5.966408151865149230e-04
1.515151515151515194e-01 2.121212121212121271e-01 3.281866709761356929e-03
1.818181818181818232e-01 2.121212121212121271e-01 8.097163338076762001e-03
2.121212121212121271e-01 2.121212121212121271e-01 1.549728806370504440e-02
2.424242424242424310e-01 2.121212121212121271e-01 2.569582025441746742e-02
2.727272727272727071e-01 2.121212121212121271e-01 3.857797640850781085e-02
3.030303030303030387e-01 2.121212121212121271e-01 5.365735069900831600e-02
3.333333333333333703e-01 2.121212121212121271e-01 7.008744075417767949e-02
3.636363636363636465e-01 2.121212121212121271e-01 8.673018276467006626e-02
3.939393939393939226e-01 2.121212121212121271e-01 1.022743340467217182e-01
4.242424242424242542e-01 2.121212121212121271e-01 1.153880103386751704e-01
4.545454545454545858e-01 2.121212121212121271e-01 1.248835102945968917e-01
4.848484848484848619e-01 2.121212121212121271e-01 1.298698642385775481e-01
5.151515151515151381e-01 2.121212121212121271e-01 1.298698642385775481e-01
5.454545454545454142e-01 2.121212121212121271e-01 1.248835102945968917e-01
5.757575757575758013e-01 2.121212121212121271e-01 1.153880103386751843e-01
6.060606060606060774e-01 2.121212121212121271e-01 1.022743340467217737e-01
6.363636363636363535e-01 2.121212121212121271e-01 8.673018276467012178e-02
6.666666666666667407e-01 2.121212121212121271e-01 7.008744075417776276e-02
6.969696969696970168e-01 2.121212121212121271e-01 5.365735069900839926e-02
7.272727272727272929e-01 2.121212121212121271e-01 3.857797640850790799e-02
7.575757575757575690e-01 2.121212121212121271e-01 2.569582025441755416e-02
7.878787878787878451e-01 2.121212121212121271e-01 1.549728806370513287e-02
8.181818181818182323e-01 2.121212121212121271e-01 8.097163338076843533e-03
8.484848484848485084e-01 2.121212121212121271e-01 3.281866709761428053e-03
8.787878787878787845e-01 2.121212121212121271e-01 5.966408151865737952e-04
9.090909090909091717e-01 2.121212121212121271e-01 -5.406601728954162902e-04
9.393939393939394478e-01 2.121212121212121271e-01 -7.197844921585486210e-04
9.696969696969697239e-01 2.121212121212121271e-01 -4.326105500285157821e-04
3.030303030303030387e-02 2.424242424242424310e-01 -4.835492610436197729e-04
6.060606060606060774e-02 2.424242424242424310e-01 -7.420932368541065163e-04
9.090909090909091161e-02 2.424242424242424310e-01 -2.721622670113875019e-04
1.212121212121212155e-01 2.424242424242424310e-01 1.701099178037471238e-03
1.515151515151515194e-01 2.424242424242424310e-01 6.107910641987525022e-03
1.818181818181818232e-01 2.424242424242424310e-01 1.386692357394828969e-02
2.121212121212121271e-01 2.424242424242424310e-01 2.569582025441747089e-02
2.424242424242424310e-01 2.424242424242424310e-01 4.193148058220329266e-02
2.727272727272727071e-01 2.424242424242424310e-01 6.239223191141097385e-02
3.030303030303030387e-01 2.424242424242424310e-01 8.630951186056895486e-02
3.333333333333333703e-01 2.424242424242424310e-01 1.123460759840481243e-01
3.636363636363636465e-01 2.424242424242424310e-01 1.387042491030951175e-01
3.939393939393939226e-01 2.424242424242424310e-01 1.633129007482964079e-01
4.242424242424242542e-01 2.424242424242424310e-01 1.840683566939929350e-01
4.545454545454545858e-01 2.424242424242424310e-01 1.990947101175950806e-01
4.848484848484848619e-01 2.424242424242424310e-01 2.069847414042381983e-01
5.151515151515151381e-01 2.424242424242424310e-01 2.069847414042381983e-01
5.454545454545454142e-01 2.424242424242424310e-01 1.990947101175951361e-01
5.757575757575758013e-01 2.424242424242424310e-01 1.840683566939929905e-01
6.060606060606060774e-01 2.424242424242424310e-01 1.633129007482964634e-01
6.363636363636363535e-01 2.424242424242424310e-01 1.387042491030951730e-01
6.666666666666667407e-01 2.424242424242424310e-01 1.123460759840481937e-01
6.969696969696970168e-01 2.424242424242424310e-01 8.630951186056906588e-02
7.272727272727272929e-01 2.424242424242424310e-01 6.239223191141107794e-02
7.575757575757575690e-01 2.424242424242424310e-01 4.193148058220339675e-02
7.878787878787878451e-01 2.424242424242424310e-01 2.569582025441757150e-02
8.181818181818182323e-01 2.424242424242424310e-01 1.386692357394838510e-02
8.484848484848485084e-01 2.424242424242424310e-01 6.107910641987609156e-03
8.787878787878787845e-01 2.424242424242424310e-01 1.701099178037541711e-03
9.090909090909091717e-01 2.424242424242424310e-01 -2.721622670113326955e-04
9.393939393939394478e-01 2.424242424242424310e-01 -7.420932368540678102e-04
9.696969696969697239e-01 2.424242424242424310e-01 -4.835492610435998778e-04
3.030303030303030387e-02 2.727272727272727071e-01 -5.308897906195200397e-04
6.060606060606060774e-02 2.727272727272727071e-01 -7.376465340566816953e-04
9.090909090909091161e-02 2.727272727272727071e-01 1.117799748676101009e-04
1.212121212121212155e-01 2.727272727272727071e-01 3.146892061777701970e-03
1.515151515151515194e-01 2.727272727272727071e-01 9.724766009716709347e-03
1.818181818181818232e-01 2.727272727272727071e-01 2.118599692784839048e-02
2.121212121212121271e-01 2.727272727272727071e-01 3.857797640850783166e-02
2.424242424242424310e-01 2.727272727272727071e-01 6.239223191141098773e-02
2.727272727272727071e-01 2.727272727272727071e-01 9.236326605713852944e-02
3.030303030303030387e-01 2.727272727272727071e-01 1.273687717647628004e-01
3.333333333333333703e-01 2.727272727272727071e-01 1.654562169864442767e-01
3.636363636363636465e-01 2.727272727272727071e-01 2.040008947082401491e-01
3.939393939393939226e-01 2.727272727272727071e-01 2.399789047209950343e-01
4.242424242424242542e-01 2.727272727272727071e-01 2.703188745117399705e-01
4.545454545454545858e-01 2.727272727272727071e-01 2.922819975949377813e-01
4.848484848484848619e-01 2.727272727272727071e-01 3.038137583307785605e-01
5.151515151515151381e-01 2.727272727272727071e-01 3.038137583307785605e-01
5.454545454545454142e-01 2.727272727272727071e-01 2.922819975949377813e-01
5.757575757575758013e-01 2.727272727272727071e-01 2.703188745117399705e-01
6.060606060606060774e-01 2.727272727272727071e-01 2.399789047209950898e-01
6.363636363636363535e-01 2.727272727272727071e-01 2.040008947082402602e-01
6.666666666666667407e-01 2.727272727272727071e-01 1.654562169864443877e-01
6.969696969696970168e-01 2.727272727272727071e-01 1.273687717647629114e-01
7.272727272727272929e-01 2.727272727272727071e-01 9.236326605713866822e-02
7.575757575757575690e-01 2.727272727272727071e-01 6.239223191141111957e-02
7.878787878787878451e-01 2.727272727272727071e-01 3.857797640850794962e-02
8.181818181818182323e-01 2.727272727272727071e-01 2.118599692784850497e-02
8.484848484848485084e-01 2.727272727272727071e-01 9.724766009716808227e-03
8.787878787878787845e-01 2.727272727272727071e-01 3.146892061777786537e-03
9.090909090909091717e-01 2.727272727272727071e-01 1.117799748676757900e-04
9.393939393939394478e-01 2.727272727272727071e-01 -7.376465340566359420e-04
9.696969696969697239e-01 2.727272727272727071e-01 -5.308897906194966210e-04
3.030303030303030387e-02 3.030303030303030387e-01 -5.741851588349533879e-04
6.060606060606060774e-02 3.030303030303030387e-01 -7.092153270078639486e-04
9.090909090909091161e-02 3.030303030303030387e-01 5.930458803310092054e-04
1.212121212121212155e-01 3.030303030303030387e-01 4.875272354562838230e-03
1.515151515151515194e-01 3.030303030303030387e-01 1.399195650223821266e-02
1.818181818181818232e-01 3.030303030303030387e-01 2.977542928179282081e-02
2.121212121212121271e-01 3.030303030303030387e-01 5.365735069900835763e-02
2.424242424242424310e-01 3.030303030303030387e-01 8.630951186056899649e-02
2.727272727272727071e-01 3.030303030303030387e-01 1.273687717647628004e-01
3.030303030303030387e-01 3.030303030303030387e-01 1.753006220107148350e-01
3.333333333333333703e-01 3.030303030303030387e-01 2.274355330945076192e-01
3.636363636363636465e-01 3.030303030303030387e-01 2.801850377630729083e-01
3.939393939393939226e-01 3.030303030303030387e-01 3.294149412106186503e-01
4.242424242424242542e-01 3.030303030303030387e-01 3.709261747151459399e-01
4.545454545454545858e-01 3.030303030303030387e-01 4.009743589989125945e-01
4.848484848484848619e-01 3.030303030303030387e-01 4.167506564432763017e-01
5.151515151515151381e-01 3.030303030303030387e-01 4.167506564432763017e-01
5.454545454545454142e-01 3.030303030303030387e-01 4.009743589989125945e-01
5.757575757575758013e-01 3.030303030303030387e-01 3.709261747151459399e-01
6.060606060606060774e-01 3.030303030303030387e-01 3.294149412106187613e-01
6.363636363636363535e-01 3.030303030303030387e-01 2.801850377630730193e-01
6.666666666666667407e-01 3.030303030303030387e-01 2.274355330945077303e-01
6.969696969696970168e-01 3.030303030303030387e-01 1.753006220107149460e-01
7.272727272727272929e-01 3.030303030303030387e-01 1.273687717647629669e-01
7.575757575757575690e-01 3.030303030303030387e-01 8.630951186056913527e-02
7.878787878787878451e-01 3.030303030303030387e-01 5.365735069900848947e-02
8.181818181818182323e-01 3.030303030303030387e-01 2.977542928179294918e-02
8.484848484848485084e-01 3.030303030303030387e-01 1.399195650223832889e-02
8.787878787878787845e-01 3.030303030303030387e-01 4.875272354562937109e-03
9.090909090909091717e-01 3.030303030303030387e-01 5.930458803310867258e-04
9.393939393939394478e-01 3.030303030303030387e-01 -7.092153270078106059e-04
9.696969696969697239e-01 3.030303030303030387e-01 -5.741851588349264996e-04
3.030303030303030387e-02 3.333333333333333703e-01 -6.129002529181173204e-04
6.060606060606060774e-02 3.333333333333333703e-01 -6.620473517868621450e-04
9.090909090909091161e-02 3.333333333333333703e-01 1.139581607523301385e-03
1.212121212121212155e-01 3.333333333333333703e-01 6.783486545223371689e-03
1.515151515151515194e-01 3.333333333333333703e-01 1.866458783920943096e-02
1.818181818181818232e-01 3.333333333333333703e-01 3.914950597287713413e-02
2.121212121212121271e-01 3.333333333333333703e-01 7.008744075417769337e-02
2.424242424242424310e-01 3.333333333333333703e-01 1.123460759840481243e-01
2.727272727272727071e-01 3.333333333333333703e-01 1.654562169864443322e-01
3.030303030303030387e-01 3.333333333333333703e-01 2.274355330945076192e-01
3.333333333333333703e-01 3.333333333333333703e-01 2.948355094213915839e-01
3.636363636363636465e-01 3.333333333333333703e-01 3.630205831915165327e-01
3.939393939393939226e-01 3.333333333333333703e-01 4.266502516573405512e-01
4.242424242424242542e-01 3.333333333333333703e-01 4.803002276951579552e-01
4.545454545454545858e-01 3.333333333333333703e-01 5.191335961253265019e-01
4.848484848484848619e-01 3.333333333333333703e-01 5.395219618305547860e-01
5.151515151515151381e-01 3.333333333333333703e-01 5.395219618305547860e-01
5.454545454545454142e-01 3.333333333333333703e-01 5.191335961253265019e-01
5.757575757575758013e-01 3.333333333333333703e-01 4.803002276951580662e-01
6.060606060606060774e-01 3.333333333333333703e-01 4.266502516573406623e-01
6.363636363636363535e-01 3.333333333333333703e-01 3.630205831915166437e-01
6.666666666666667407e-01 3.333333333333333703e-01 2.948355094213916394e-01
6.969696969696970168e-01 3.333333333333333703e-01 2.274355330945077858e-01
7.272727272727272929e-01 3.333333333333333703e-01 1.654562169864444987e-01
7.575757575757575690e-01 3.333333333333333703e-01 1.123460759840482770e-01
7.878787878787878451e-01 3.333333333333333703e-01 7.008744075417785990e-02
8.181818181818182323e-01 3.333333333333333703e-01 3.914950597287728679e-02
8.484848484848485084e-01 3.333333333333333703e-01 1.866458783920955933e-02
8.787878787878787845e-01 3.333333333333333703e-01 6.783486545223484446e-03
9.090909090909091717e-01 3.333333333333333703e-01 1.139581607523390940e-03
9.393939393939394478e-01 3.333333333333333703e-01 -6.620473517868011044e-04
9.696969696969697239e-01 3.333333333333333703e-01 -6.129002529180867459e-04
3.030303030303030387e-02 3.636363636363636465e-01 -6.464416789856891653e-04
6.060606060606060774e-02 3.636363636363636465e-01 -6.034185368692399163e-04
9.090909090909091161e-02 3.636363636363636465e-01 1.708024291431537800e-03
1.212121212121212155e-01 3.636363636363636465e-01 8.733122643098367374e-03
1.515151515151515194e-01 3.636363636363636465e-01 2.341319831160636883e-02
1.818181818181818232e-01 3.636363636363636465e-01 4.865508988049473821e-02
2.121212121212121271e-01 3.636363636363636465e-01 8.673018276467012178e-02
2.424242424242424310e-01 3.636363636363636465e-01 1.387042491030951175e-01
2.727272727272727071e-01 3.636363636363636465e-01 2.040008947082402324e-01
3.030303030303030387e-01 3.636363636363636465e-01 2.801850377630729083e-01
3.333333333333333703e-01 3.636363636363636465e-01 3.630205831915164771e-01
3.636363636363636465e-01 3.636363636363636465e-01 4.468133095023056889e-01
3.939393939393939226e-01 3.636363636363636465e-01 5.250030790295474592e-01
4.242424242424242542e-01 3.636363636363636465e-01 5.909268473184805526e-01
4.545454545454545858e-01 3.636363636363636465e-01 6.386430889933905064e-01
4.848484848484848619e-01 3.636363636363636465e-01 6.636947933429343527e-01
5.151515151515151381e-01 3.636363636363636465e-01 6.636947933429343527e-01
5.454545454545454142e-01 3.636363636363636465e-01 6.386430889933905064e-01
5.757575757575758013e-01 3.636363636363636465e-01 5.909268473184805526e-01
6.060606060606060774e-01 3.636363636363636465e-01 5.250030790295474592e-01
6.363636363636363535e-01 3.636363636363636465e-01 4.468133095023057999e-01
6.666666666666667407e-01 3.636363636363636465e-01 3.630205831915165882e-01
6.969696969696970168e-01 3.636363636363636465e-01 2.801850377630731304e-01
7.272727272727272929e-01 3.636363636363636465e-01 2.040008947082403989e-01
7.575757575757575690e-01 3.636363636363636465e-01 1.387042491030952562e-01
7.878787878787878451e-01 3.636363636363636465e-01 8.673018276467027443e-02
8.181818181818182323e-01 3.636363636363636465e-01 4.865508988049490474e-02
8.484848484848485084e-01 3.636363636363636465e-01 2.341319831160651455e-02
8.787878787878787845e-01 3.636363636363636465e-01 8.733122643098494009e-03
9.090909090909091717e-01 3.636363636363636465e-01 1.708024291431639499e-03
9.393939393939394478e-01 3.636363636363636465e-01 -6.034185368691712863e-04
9.696969696969697239e-01 3.636363636363636465e-01 -6.464416789856552298e-04
3.030303030303030387e-02 3.939393939393939226e-01 -6.742012164705767389e-04
6.060606060606060774e-02 3.939393939393939226e-01 -5.418442555798697524e-04
9.090909090909091161e-02 3.939393939393939226e-01 2.248251267957362184e-03
1.212121212121212155e-01 3.939393939393939226e-01 1.056454584794688095e-02
1.515151515151515194e-01 3.939393939393939226e-01 2.785806024810555739e-02
1.818181818181818232e-01 3.939393939393939226e-01 5.753957888579071256e-02
2.121212121212121271e-01 3.939393939393939226e-01 1.022743340467218570e-01
2.424242424242424310e-01 3.939393939393939226e-01 1.633129007482964079e-01
2.727272727272727071e-01 3.939393939393939226e-01 2.399789047209951731e-01
3.030303030303030387e-01 3.939393939393939226e-01 3.294149412106188723e-01
3.333333333333333703e-01 3.939393939393939226e-01 4.266502516573407178e-01
3.636363636363636465e-01 3.939393939393939226e-01 5.250030790295475702e-01
3.939393939393939226e-01 3.939393939393939226e-01 6.167755848662901386e-01
4.242424242424242542e-01 3.939393939393939226e-01 6.941491840696087934e-01
4.545454545454545858e-01 3.939393939393939226e-01 7.501519450379291465e-01
4.848484848484848619e-01 3.939393939393939226e-01 7.795539046103091563e-01
5.151515151515151381e-01 3.939393939393939226e-01 7.795539046103091563e-01
5.454545454545454142e-01 3.939393939393939226e-01 7.501519450379291465e-01
5.757575757575758013e-01 3.939393939393939226e-01 6.941491840696087934e-01
6.060606060606060774e-01 3.939393939393939226e-01 6.167755848662903606e-01
6.363636363636363535e-01 3.939393939393939226e-01 5.250030790295476812e-01
6.666666666666667407e-01 3.939393939393939226e-01 4.266502516573409398e-01
6.969696969696970168e-01 3.939393939393939226e-01 3.294149412106190944e-01
7.272727272727272929e-01 3.939393939393939226e-01 2.399789047209953952e-01
7.575757575757575690e-01 3.939393939393939226e-01 1.633129007482966299e-01
7.878787878787878451e-01 3.939393939393939226e-01 1.022743340467220374e-01
8.181818181818182323e-01 3.939393939393939226e-01 5.753957888579089297e-02
8.484848484848485084e-01 3.939393939393939226e-01 2.785806024810571352e-02
8.787878787878787845e-01 3.939393939393939226e-01 1.056454584794702146e-02
9.090909090909091717e-01 3.939393939393939226e-01 2.248251267957475808e-03
9.393939393939394478e-01 3.939393939393939226e-01 -5.418442555797944003e-04
9.696969696969697239e-01 3.939393939393939226e-01 -6.742012164705397676e-04
3.030303030303030387e-02 4.242424242424242542e-01 -6.956066292287324667e-04
6.060606060606060774e-02 4.242424242424242542e-01 -4.860538919532716756e-04
9.090909090909091161e-02 4.242424242424242542e-01 2.709253093697381026e-03
1.212121212121212155e-01 4.242424242424242542e-01 1.211551064422017494e-02
1.515151515151515194e-01 4.242424242424242542e-01 3.161338772853080487e-02
1.818181818181818232e-01 4.242424242424242542e-01 6.503847592403855238e-02
2.121212121212121271e-01 4.242424242424242542e-01 1.153880103386751288e-01
2.424242424242424310e-01 4.242424242424242542e-01 1.840683566939929627e-01
2.727272727272727071e-01 4.242424242424242542e-01 2.703188745117400815e-01
3.030303030303030387e-01 4.242424242424242542e-01 3.709261747151458288e-01
3.333333333333333703e-01 4.242424242424242542e-01 4.803002276951580107e-01
3.636363636363636465e-01 4.242424242424242542e-01 5.909268473184804416e-01
3.939393939393939226e-01 4.242424242424242542e-01 6.941491840696087934e-01
4.242424242424242542e-01 4.242424242424242542e-01 7.811746026835536538e-01
4.545454545454545858e-01 4.242424242424242542e-01 8.441626014424843394e-01
4.848484848484848619e-01 4.242424242424242542e-01 8.772316647657579791e-01
5.151515151515151381e-01 4.242424242424242542e-01 8.772316647657579791e-01
5.454545454545454142e-01 4.242424242424242542e-01 8.441626014424843394e-01
5.757575757575758013e-01 4.242424242424242542e-01 7.811746026835536538e-01
6.060606060606060774e-01 4.242424242424242542e-01 6.941491840696090154e-01
6.363636363636363535e-01 4.242424242424242542e-01 5.909268473184806636e-01
6.666666666666667407e-01 4.242424242424242542e-01 4.803002276951582328e-01
6.969696969696970168e-01 4.242424242424242542e-01 3.709261747151460509e-01
7.272727272727272929e-01 4.242424242424242542e-01 2.703188745117403036e-01
7.575757575757575690e-01 4.242424242424242542e-01 1.840683566939931848e-01
7.878787878787878451e-01 4.242424242424242542e-01 1.153880103386753370e-01
8.181818181818182323e-01 4.242424242424242542e-01 6.503847592403873279e-02
8.484848484848485084e-01 4.242424242424242542e-01 3.161338772853097140e-02
8.787878787878787845e-01 4.242424242424242542e-01 1.211551064422032586e-02
9.090909090909091717e-01 4.242424242424242542e-01 2.709253093697503324e-03
9.393939393939394478e-01 4.242424242424242542e-01 -4.860538919531905773e-04
9.696969696969697239e-01 4.242424242424242542e-01 -6.956066292286931102e-04
3.030303030303030387e-02 4.545454545454545858e-01 -7.101731144629994412e-04
6.060606060606060774e-02 4.545454545454545858e-01 -4.438766336642568661e-04
9.090909090909091161e-02 4.545454545454545858e-01 3.045487433250985369e-03
1.212121212121212155e-01 4.545454545454545858e-01 1.324128027164725961e-02
1.515151515151515194e-01 4.545454545454545858e-01 3.433511239671665355e-02
1.818181818181818232e-01 4.545454545454545858e-01 7.047001741314275203e-02
2.121212121212121271e-01 4.545454545454545858e-01 1.248835102945969749e-01
2.424242424242424310e-01 4.545454545454545858e-01 1.990947101175951361e-01
2.727272727272727071e-01 4.545454545454545858e-01 2.922819975949378923e-01
3.030303030303030387e-01 4.545454545454545858e-01 4.009743589989127610e-01
3.333333333333333703e-01 4.545454545454545858e-01 5.191335961253265019e-01
3.636363636363636465e-01 4.545454545454545858e-01 6.386430889933907284e-01
3.939393939393939226e-01 4.545454545454545858e-01 7.501519450379289244e-01
4.242424242424242542e-01 4.545454545454545858e-01 8.441626014424842284e-01
4.545454545454545858e-01 4.545454545454545858e-01 9.122059653607269558e-01
4.848484848484848619e-01 4.545454545454545858e-01 9.479289873978093972e-01
5.151515151515151381e-01 4.545454545454545858e-01 9.479289873978093972e-01
5.454545454545454142e-01 4.545454545454545858e-01 9.122059653607269558e-01
5.757575757575758013e-01 4.545454545454545858e-01 8.441626014424842284e-01
6.060606060606060774e-01 4.545454545454545858e-01 7.501519450379291465e-01
6.363636363636363535e-01 4.545454545454545858e-01 6.386430889933909505e-01
6.666666666666667407e-01 4.545454545454545858e-01 5.191335961253267239e-01
6.969696969696970168e-01 4.545454545454545858e-01 4.009743589989129275e-01
7.272727272727272929e-01 4.545454545454545858e-01 2.922819975949381144e-01
7.575757575757575690e-01 4.545454545454545858e-01 1.990947101175953304e-01
7.878787878787878451e-01 4.545454545454545858e-01 1.248835102945971970e-01
8.181818181818182323e-01 4.545454545454545858e-01 7.047001741314294632e-02
8.484848484848485084e-01 4.545454545454545858e-01 3.433511239671682702e-02
8.787878787878787845e-01 4.545454545454545858e-01 1.324128027164741747e-02
9.090909090909091717e-01 4.545454545454545858e-01 3.045487433251115473e-03
9.393939393939394478e-01 4.545454545454545858e-01 -4.438766336641714310e-04
9.696969696969697239e-01 4.545454545454545858e-01 -7.101731144629580246e-04
3.030303030303030387e-02 4.848484848484848619e-01 -7.175488355619997257e-04
6.060606060606060774e-02 4.848484848484848619e-01 -4.212064980876963917e-04
9.090909090909091161e-02 4.848484848484848619e-01 3.222764497524049660e-03
1.212121212121212155e-01 4.848484848484848619e-01 1.383325278016285867e-02
1.515151515151515194e-01 4.848484848484848619e-01 3.576510546066050122e-02
1.818181818181818232e-01 4.848484848484848619e-01 7.332275676154002830e-02
2.121212121212121271e-01 4.848484848484848619e-01 1.298698642385775204e-01
2.424242424242424310e-01 4.848484848484848619e-01 2.069847414042382261e-01
2.727272727272727071e-01 4.848484848484848619e-01 3.038137583307788936e-01
3.030303030303030387e-01 4.848484848484848619e-01 4.167506564432764127e-01
3.333333333333333703e-01 4.848484848484848619e-01 5.395219618305550080e-01
3.636363636363636465e-01 4.848484848484848619e-01 6.636947933429345747e-01
3.939393939393939226e-01 4.848484848484848619e-01 7.795539046103091563e-01
4.242424242424242542e-01 4.848484848484848619e-01 8.772316647657580901e-01
4.545454545454545858e-01 4.848484848484848619e-01 9.479289873978096193e-01
4.848484848484848619e-01 4.848484848484848619e-01 9.850452804070747304e-01
5.151515151515151381e-01 4.848484848484848619e-01 9.850452804070747304e-01
5.454545454545454142e-01 4.848484848484848619e-01 9.479289873978096193e-01
5.757575757575758013e-01 4.848484848484848619e-01 8.772316647657580901e-01
6.060606060606060774e-01 4.848484848484848619e-01 7.795539046103093783e-01
6.363636363636363535e-01 4.848484848484848619e-01 6.636947933429347968e-01
6.666666666666667407e-01 4.848484848484848619e-01 5.395219618305552300e-01
6.969696969696970168e-01 4.848484848484848619e-01 4.167506564432766347e-01
7.272727272727272929e-01 4.848484848484848619e-01 3.038137583307791156e-01
7.575757575757575690e-01 4.848484848484848619e-01 2.069847414042384481e-01
7.878787878787878451e-01 4.848484848484848619e-01 1.298698642385777424e-01
8.181818181818182323e-01 4.848484848484848619e-01 7.332275676154025035e-02
8.484848484848485084e-01 4.848484848484848619e-01 3.576510546066069551e-02
8.787878787878787845e-01 4.848484848484848619e-01 1.383325278016302347e-02
9.090909090909091717e-01 4.848484848484848619e-01 3.222764497524184535e-03
9.393939393939394478e-01 4.848484848484848619e-01 -4.212064980876069993e-04
9.696969696969697239e-01 4.848484848484848619e-01 -7.175488355619567913e-04
3.030303030303030387e-02 5.151515151515151381e-01 -7.175488355620018941e-04
6.060606060606060774e-02 5.151515151515151381e-01 -4.212064980876939523e-04
9.090909090909091161e-02 5.151515151515151381e-01 3.222764497524047492e-03
1.212121212121212155e-01 5.151515151515151381e-01 1.383325278016285520e-02
1.515151515151515194e-01 5.151515151515151381e-01 3.576510546066050122e-02
1.818181818181818232e-01 5.151515151515151381e-01 7.332275676154002830e-02
2.121212121212121271e-01 5.151515151515151381e-01 1.298698642385775204e-01
2.424242424242424310e-01 5.151515151515151381e-01 2.069847414042382261e-01
2.727272727272727071e-01 5.151515151515151381e-01 3.038137583307788936e-01
3.030303030303030387e-01 5.151515151515151381e-01 4.167506564432764127e-01
3.333333333333333703e-01 5.151515151515151381e-01 5.395219618305550080e-01
3.636363636363636465e-01 5.151515151515151381e-01 6.636947933429345747e-01
3.939393939393939226e-01 5.151515151515151381e-01 7.795539046103091563e-01
4.242424242424242542e-01 5.151515151515151381e-01 8.772316647657579791e-01
4.545454545454545858e-01 5.151515151515151381e-01 9.479289873978096193e-01
4.848484848484848619e-01 5.151515151515151381e-01 9.850452804070747304e-01
5.151515151515151381e-01 5.151515151515151381e-01 9.850452804070747304e-01
5.454545454545454142e-01 5.151515151515151381e-01 9.479289873978096193e-01
5.757575757575758013e-01 5.151515151515151381e-01 8.772316647657582012e-01
6.060606060606060774e-01 5.151515151515151381e-01 7.795539046103093783e-01
6.363636363636363535e-01 5.151515151515151381e-01 6.636947933429347968e-01
6.666666666666667407e-01 5.151515151515151381e-01 5.395219618305552300e-01
6.969696969696970168e-01 5.151515151515151381e-01 4.167506564432766347e-01
7.272727272727272929e-01 5.151515151515151381e-01 3.038137583307791156e-01
7.575757575757575690e-01 5.151515151515151381e-01 2.069847414042384481e-01
7.878787878787878451e-01 5.151515151515151381e-01 1.298698642385777424e-01
8.181818181818182323e-01 5.151515151515151381e-01 7.332275676154025035e-02
8.484848484848485084e-01 5.151515151515151381e-01 3.576510546066069551e-02
8.787878787878787845e-01 5.151515151515151381e-01 1.383325278016302694e-02
9.090909090909091717e-01 5.151515151515151381e-01 3.222764497524186703e-03
9.393939393939394478e-01 5.151515151515151381e-01 -4.212064980876027167e-04
9.696969696969697239e-01 5.151515151515151381e-01 -7.175488355619579839e-04
3.030303030303030387e-02 5.454545454545454142e-01 -7.101731144630008506e-04
6.060606060606060774e-02 5.454545454545454142e-01 -4.438766336642494936e-04
9.090909090909091161e-02 5.454545454545454142e-01 3.045487433250981032e-03
1.212121212121212155e-01 5.454545454545454142e-01 1.324128027164725267e-02
1.515151515151515194e-01 5.454545454545454142e-01 3.433511239671664661e-02
1.818181818181818232e-01 5.454545454545454142e-01 7.047001741314273815e-02
2.121212121212121271e-01 5.454545454545454142e-01 1.248835102945969749e-01
2.424242424242424310e-01 5.454545454545454142e-01 1.990947101175951361e-01
2.727272727272727071e-01 5.454545454545454142e-01 2.922819975949379478e-01
3.030303030303030387e-01 5.454545454545454142e-01 4.009743589989127610e-01
3.333333333333333703e-01 5.454545454545454142e-01 5.191335961253265019e-01
3.636363636363636465e-01 5.454545454545454142e-01 6.386430889933907284e-01
3.939393939393939226e-01 5.454545454545454142e-01 7.501519450379290355e-01
4.242424242424242542e-01 5.454545454545454142e-01 8.441626014424841173e-01
4.545454545454545858e-01 5.454545454545454142e-01 9.122059653607269558e-01
4.848484848484848619e-01 5.454545454545454142e-01 9.479289873978093972e-01
5.151515151515151381e-01 5.454545454545454142e-01 9.479289873978093972e-01
5.454545454545454142e-01 5.454545454545454142e-01 9.122059653607269558e-01
5.757575757575758013e-01 5.454545454545454142e-01 8.441626014424843394e-01
6.060606060606060774e-01 5.454545454545454142e-01 7.501519450379292575e-01
6.363636363636363535e-01 5.454545454545454142e-01 6.386430889933909505e-01
6.666666666666667407e-01 5.454545454545454142e-01 5.191335961253267239e-01
6.969696969696970168e-01 5.454545454545454142e-01 4.009743589989129275e-01
7.272727272727272929e-01 5.454545454545454142e-01 2.922819975949381699e-01
7.575757575757575690e-01 5.454545454545454142e-01 1.990947101175953304e-01
7.878787878787878451e-01 5.454545454545454142e-01 1.248835102945971970e-01
8.181818181818182323e-01 5.454545454545454142e-01 7.047001741314296019e-02
8.484848484848485084e-01 5.454545454545454142e-01 3.433511239671683396e-02
8.787878787878787845e-01 5.454545454545454142e-01 1.324128027164742441e-02
9.090909090909091717e-01 5.454545454545454142e-01 3.045487433251120243e-03
9.393939393939394478e-01 5.454545454545454142e-01 -4.438766336641580953e-04
9.696969696969697239e-01 5.454545454545454142e-01 -7.101731144629567236e-04
3.030303030303030387e-02 5.757575757575758013e-01 -6.956066292287210826e-04
6.060606060606060774e-02 5.757575757575758013e-01 -4.860538919532657125e-04
9.090909090909091161e-02 5.757575757575758013e-01 2.709253093697441741e-03
1.212121212121212155e-01 5.757575757575758013e-01 1.211551064422024260e-02
1.515151515151515194e-01 5.757575757575758013e-01 3.161338772853088813e-02
1.818181818181818232e-01 5.757575757575758013e-01 6.503847592403864952e-02
2.121212121212121271e-01 5.757575757575758013e-01 1.153880103386752815e-01
2.424242424242424310e-01 5.757575757575758013e-01 1.840683566939930738e-01
2.727272727272727071e-01 5.757575757575758013e-01 2.703188745117403036e-01
3.030303030303030387e-01 5.757575757575758013e-01 3.709261747151459399e-01
3.333333333333333703e-01 5.757575757575758013e-01 4.803002276951581773e-01
3.636363636363636465e-01 5.757575757575758013e-01 5.909268473184806636e-01
3.939393939393939226e-01 5.757575757575758013e-01 6.941491840696090154e-01
4.242424242424242542e-01 5.757575757575758013e-01 7.811746026835537648e-01
4.545454545454545858e-01 5.757575757575758013e-01 8.441626014424844504e-01
4.848484848484848619e-01 5.757575757575758013e-01 8.772316647657582012e-01
5.151515151515151381e-01 5.757575757575758013e-01 8.772316647657582012e-01
5.454545454545454142e-01 5.757575757575758013e-01 8.441626014424844504e-01
5.757575757575758013e-01 5.757575757575758013e-01 7.811746026835539869e-01
6.060606060606060774e-01 5.757575757575758013e-01 6.941491840696092375e-01
6.363636363636363535e-01 5.757575757575758013e-01 5.909268473184807746e-01
6.666666666666667407e-01 5.757575757575758013e-01 4.803002276951583993e-01
6.969696969696970168e-01 5.757575757575758013e-01 3.709261747151461619e-01
7.272727272727272929e-01 5.757575757575758013e-01 2.703188745117404701e-01
7.575757575757575690e-01 5.757575757575758013e-01 1.840683566939932958e-01
7.878787878787878451e-01 5.757575757575758013e-01 1.153880103386755035e-01
8.181818181818182323e-01 5.757575757575758013e-01 6.503847592403885769e-02
8.484848484848485084e-01 5.757575757575758013e-01 3.161338772853108242e-02
8.787878787878787845e-01 5.757575757575758013e-01 1.211551064422041087e-02
9.090909090909091717e-01 5.757575757575758013e-01 2.709253093697578350e-03
9.393939393939394478e-01 5.757575757575758013e-01 -4.860538919531758322e-04
9.696969696969697239e-01 5.757575757575758013e-01 -6.956066292286773893e-04
3.030303030303030387e-02 6.060606060606060774e-01 -6.742012164705812926e-04
6.060606060606060774e-02 6.060606060606060774e-01 -5.418442555798457915e-04
9.090909090909091161e-02 6.060606060606060774e-01 2.248251267957421598e-03
1.212121212121212155e-01 6.060606060606060774e-01 1.056454584794692259e-02
1.515151515151515194e-01 6.060606060606060774e-01 2.785806024810564760e-02
1.818181818181818232e-01 6.060606060606060774e-01 5.753957888579082358e-02
2.121212121212121271e-01 6.060606060606060774e-01 1.022743340467219819e-01
2.424242424242424310e-01 6.060606060606060774e-01 1.633129007482965189e-01
2.727272727272727071e-01 6.060606060606060774e-01 2.399789047209953674e-01
3.030303030303030387e-01 6.060606060606060774e-01 3.294149412106189834e-01
3.333333333333333703e-01 6.060606060606060774e-01 4.266502516573408843e-01
3.636363636363636465e-01 6.060606060606060774e-01 5.250030790295476812e-01
3.939393939393939226e-01 6.060606060606060774e-01 6.167755848662903606e-01
4.242424242424242542e-01 6.060606060606060774e-01 6.941491840696090154e-01
4.545454545454545858e-01 6.060606060606060774e-01 7.501519450379294796e-01
4.848484848484848619e-01 6.060606060606060774e-01 7.795539046103093783e-01
5.151515151515151381e-01 6.060606060606060774e-01 7.795539046103093783e-01
5.454545454545454142e-01 6.060606060606060774e-01 7.501519450379294796e-01
5.757575757575758013e-01 6.060606060606060774e-01 6.941491840696090154e-01
6.060606060606060774e-01 6.060606060606060774e-01 6.167755848662905827e-01
6.363636363636363535e-01 6.060606060606060774e-01 5.250030790295479033e-01
6.666666666666667407e-01 6.060606060606060774e-01 4.266502516573411063e-01
6.969696969696970168e-01 6.060606060606060774e-01 3.294149412106192054e-01
7.272727272727272929e-01 6.060606060606060774e-01 2.399789047209955895e-01
7.575757575757575690e-01 6.060606060606060774e-01 1.633129007482967410e-01
7.878787878787878451e-01 6.060606060606060774e-01 1.022743340467221901e-01
8.181818181818182323e-01 6.060606060606060774e-01 5.753957888579102481e-02
8.484848484848485084e-01 6.060606060606060774e-01 2.785806024810583148e-02
8.787878787878787845e-01 6.060606060606060774e-01 1.056454584794708218e-02
9.090909090909091717e-01 6.060606060606060774e-01 2.248251267957552136e-03
9.393939393939394478e-01 6.060606060606060774e-01 -5.418442555797586217e-04
9.696969696969697239e-01 6.060606060606060774e-01 -6.742012164705385750e-04
3.030303030303030387e-02 6.363636363636363535e-01 -6.464416789856824433e-04
6.060606060606060774e-02 6.363636363636363535e-01 -6.034185368692365553e-04
9.090909090909091161e-02 6.363636363636363535e-01 1.708024291431524356e-03
1.212121212121212155e-01 6.363636363636363535e-01 8.733122643098341353e-03
1.515151515151515194e-01 6.363636363636363535e-01 2.341319831160641740e-02
1.818181818181818232e-01 6.363636363636363535e-01 4.865508988049473821e-02
2.121212121212121271e-01 6.363636363636363535e-01 8.673018276467009402e-02
2.424242424242424310e-01 6.363636363636363535e-01 1.387042491030951730e-01
2.727272727272727071e-01 6.363636363636363535e-01 2.040008947082402602e-01
3.030303030303030387e-01 6.363636363636363535e-01 2.801850377630730193e-01
3.333333333333333703e-01 6.363636363636363535e-01 3.630205831915166437e-01
3.636363636363636465e-01 6.363636363636363535e-01 4.468133095023058554e-01
3.939393939393939226e-01 6.363636363636363535e-01 5.250030790295475702e-01
4.242424242424242542e-01 6.363636363636363535e-01 5.909268473184806636e-01
4.545454545454545858e-01 6.363636363636363535e-01 6.386430889933907284e-01
4.848484848484848619e-01 6.363636363636363535e-01 6.636947933429345747e-01
5.151515151515151381e-01 6.363636363636363535e-01 6.636947933429345747e-01
5.454545454545454142e-01 6.363636363636363535e-01 6.386430889933907284e-01
5.757575757575758013e-01 6.363636363636363535e-01 5.909268473184806636e-01
6.060606060606060774e-01 6.363636363636363535e-01 5.250030790295476812e-01
6.363636363636363535e-01 6.363636363636363535e-01 4.468133095023060775e-01
6.666666666666667407e-01 6.363636363636363535e-01 3.630205831915168657e-01
6.969696969696970168e-01 6.363636363636363535e-01 2.801850377630732414e-01
7.272727272727272929e-01 6.363636363636363535e-01 2.040008947082404822e-01
7.575757575757575690e-01 6.363636363636363535e-01 1.387042491030953950e-01
7.878787878787878451e-01 6.363636363636363535e-01 8.673018276467030219e-02
8.181818181818182323e-01 6.363636363636363535e-01 4.865508988049494637e-02
8.484848484848485084e-01 6.363636363636363535e-01 2.341319831160659434e-02
8.787878787878787845e-01 6.363636363636363535e-01 8.733122643098495744e-03
9.090909090909091717e-01 6.363636363636363535e-01 1.708024291431647305e-03
9.393939393939394478e-01 6.363636363636363535e-01 -6.034185368691541559e-04
9.696969696969697239e-01 6.363636363636363535e-01 -6.464416789856414604e-04
3.030303030303030387e-02 6.666666666666667407e-01 -6.129002529181085384e-04
6.060606060606060774e-02 6.666666666666667407e-01 -6.620473517868447977e-04
9.090909090909091161e-02 6.666666666666667407e-01 1.139581607523303987e-03
1.212121212121212155e-01 6.666666666666667407e-01 6.783486545223365617e-03
1.515151515151515194e-01 6.666666666666667407e-01 1.866458783920948300e-02
1.818181818181818232e-01 6.666666666666667407e-01 3.914950597287718964e-02
2.121212121212121271e-01 6.666666666666667407e-01 7.008744075417777664e-02
2.424242424242424310e-01 6.666666666666667407e-01 1.123460759840481799e-01
2.727272727272727071e-01 6.666666666666667407e-01 1.654562169864444432e-01
3.030303030303030387e-01 6.666666666666667407e-01 2.274355330945077025e-01
3.333333333333333703e-01 6.666666666666667407e-01 2.948355094213916949e-01
3.636363636363636465e-01 6.666666666666667407e-01 3.630205831915168102e-01
3.939393939393939226e-01 6.666666666666667407e-01 4.266502516573407733e-01
4.242424242424242542e-01 6.666666666666667407e-01 4.803002276951582328e-01
4.545454545454545858e-01 6.666666666666667407e-01 5.191335961253268350e-01
4.848484848484848619e-01 6.666666666666667407e-01 5.395219618305550080e-01
5.151515151515151381e-01 6.666666666666667407e-01 5.395219618305550080e-01
5.454545454545454142e-01 6.666666666666667407e-01 5.191335961253268350e-01
5.757575757575758013e-01 6.666666666666667407e-01 4.803002276951583438e-01
6.060606060606060774e-01 6.666666666666667407e-01 4.266502516573408843e-01
6.363636363636363535e-01 6.666666666666667407e-01 3.630205831915169212e-01
6.666666666666667407e-01 6.666666666666667407e-01 2.948355094213919170e-01
6.969696969696970168e-01 6.666666666666667407e-01 2.274355330945079245e-01
7.272727272727272929e-01 6.666666666666667407e-01 1.654562169864446652e-01
7.575757575757575690e-01 6.666666666666667407e-01 1.123460759840484019e-01
7.878787878787878451e-01 6.666666666666667407e-01 7.008744075417797093e-02
8.181818181818182323e-01 6.666666666666667407e-01 3.914950597287737699e-02
8.484848484848485084e-01 6.666666666666667407e-01 1.866458783920965300e-02
8.787878787878787845e-01 6.666666666666667407e-01 6.783486545223511334e-03
9.090909090909091717e-01 6.666666666666667407e-01 1.139581607523417828e-03
9.393939393939394478e-01 6.666666666666667407e-01 -6.620473517867674941e-04
9.696969696969697239e-01 6.666666666666667407e-01 -6.129002529180699408e-04
3.030303030303030387e-02 6.969696969696970168e-01 -5.741851588349493763e-04
6.060606060606060774e-02 6.969696969696970168e-01 -7.092153270078392288e-04
9.090909090909091161e-02 6.969696969696970168e-01 5.930458803310255768e-04
1.212121212121212155e-01 6.969696969696970168e-01 4.875272354562848638e-03
1.515151515151515194e-01 6.969696969696970168e-01 1.399195650223823174e-02
1.818181818181818232e-01 6.969696969696970168e-01 2.977542928179283468e-02
2.121212121212121271e-01 6.969696969696970168e-01 5.365735069900840620e-02
2.424242424242424310e-01 6.969696969696970168e-01 8.630951186056905200e-02
2.727272727272727071e-01 6.969696969696970168e-01 1.273687717647629114e-01
3.030303030303030387e-01 6.969696969696970168e-01 1.753006220107149737e-01
3.333333333333333703e-01 6.969696969696970168e-01 2.274355330945077858e-01
3.636363636363636465e-01 6.969696969696970168e-01 2.801850377630730748e-01
3.939393939393939226e-01 6.969696969696970168e-01 3.294149412106188723e-01
4.242424242424242542e-01 6.969696969696970168e-01 3.709261747151461064e-01
4.545454545454545858e-01 6.969696969696970168e-01 4.009743589989128720e-01
4.848484848484848619e-01 6.969696969696970168e-01 4.167506564432765792e-01
5.151515151515151381e-01 6.969696969696970168e-01 4.167506564432765792e-01
5.454545454545454142e-01 6.969696969696970168e-01 4.009743589989128720e-01
5.757575757575758013e-01 6.969696969696970168e-01 3.709261747151462174e-01
6.060606060606060774e-01 6.969696969696970168e-01 3.294149412106189834e-01
6.363636363636363535e-01 6.969696969696970168e-01 2.801850377630731859e-01
6.666666666666667407e-01 6.969696969696970168e-01 2.274355330945079523e-01
6.969696969696970168e-01 6.969696969696970168e-01 1.753006220107151403e-01
7.272727272727272929e-01 6.969696969696970168e-01 1.273687717647631334e-01
7.575757575757575690e-01 6.969696969696970168e-01 8.630951186056924629e-02
7.878787878787878451e-01 6.969696969696970168e-01 5.365735069900860049e-02
8.181818181818182323e-01 6.969696969696970168e-01 2.977542928179301163e-02
8.484848484848485084e-01 6.969696969696970168e-01 1.399195650223838960e-02
8.787878787878787845e-01 6.969696969696970168e-01 4.875272354562981345e-03
9.090909090909091717e-01 6.969696969696970168e-01 5.930458803311293350e-04
9.393939393939394478e-01 6.969696969696970168e-01 -7.092153270077681051e-04
9.696969696969697239e-01 6.969696969696970168e-01 -5.741851588349134892e-04
3.030303030303030387e-02 7.272727272727272929e-01 -5.308897906195097398e-04
6.060606060606060774e-02 7.272727272727272929e-01 -7.376465340566741059e-04
9.090909090909091161e-02 7.272727272727272929e-01 1.117799748676113071e-04
1.212121212121212155e-01 7.272727272727272929e-01 3.146892061777747072e-03
1.515151515151515194e-01 7.272727272727272929e-01 9.724766009716754450e-03
1.818181818181818232e-01 7.272727272727272929e-01 2.118599692784847721e-02
2.121212121212121271e-01 7.272727272727272929e-01 3.857797640850792187e-02
2.424242424242424310e-01 7.272727272727272929e-01 6.239223191141109182e-02
2.727272727272727071e-01 7.272727272727272929e-01 9.236326605713862659e-02
3.030303030303030387e-01 7.272727272727272929e-01 1.273687717647629392e-01
3.333333333333333703e-01 7.272727272727272929e-01 1.654562169864444154e-01
3.636363636363636465e-01 7.272727272727272929e-01 2.040008947082404267e-01
3.939393939393939226e-01 7.272727272727272929e-01 2.399789047209952286e-01
4.242424242424242542e-01 7.272727272727272929e-01 2.703188745117401925e-01
4.545454545454545858e-01 7.272727272727272929e-01 2.922819975949380589e-01
4.848484848484848619e-01 7.272727272727272929e-01 3.038137583307788381e-01
5.151515151515151381e-01 7.272727272727272929e-01 3.038137583307788381e-01
5.454545454545454142e-01 7.272727272727272929e-01 2.922819975949380589e-01
5.757575757575758013e-01 7.272727272727272929e-01 2.703188745117403036e-01
6.060606060606060774e-01 7.272727272727272929e-01 2.399789047209953397e-01
6.363636363636363535e-01 7.272727272727272929e-01 2.040008947082405377e-01
6.666666666666667407e-01 7.272727272727272929e-01 1.654562169864445820e-01
6.969696969696970168e-01 7.272727272727272929e-01 1.273687717647631057e-01
7.272727272727272929e-01 7.272727272727272929e-01 9.236326605713879312e-02
7.575757575757575690e-01 7.272727272727272929e-01 6.239223191141125835e-02
7.878787878787878451e-01 7.272727272727272929e-01 3.857797640850808146e-02
8.181818181818182323e-01 7.272727272727272929e-01 2.118599692784863681e-02
8.484848484848485084e-01 7.272727272727272929e-01 9.724766009716894963e-03
8.787878787878787845e-01 7.272727272727272929e-01 3.146892061777866335e-03
9.090909090909091717e-01 7.272727272727272929e-01 1.117799748677040877e-04
9.393939393939394478e-01 7.272727272727272929e-01 -7.376465340566100296e-04
9.696969696969697239e-01 7.272727272727272929e-01 -5.308897906194771053e-04
3.030303030303030387e-02 7.575757575757575690e-01 -4.835492610436158156e-04
6.060606060606060774e-02 7.575757575757575690e-01 -7.420932368540968669e-04
9.090909090909091161e-02 7.575757575757575690e-01 -2.721622670113813761e-04
1.212121212121212155e-01 7.575757575757575690e-01 1.701099178037469286e-03
1.515151515151515194e-01 7.575757575757575690e-01 6.107910641987547573e-03
1.818181818181818232e-01 7.575757575757575690e-01 1.386692357394832091e-02
2.121212121212121271e-01 7.575757575757575690e-01 2.569582025441751252e-02
2.424242424242424310e-01 7.575757575757575690e-01 4.193148058220334123e-02
2.727272727272727071e-01 7.575757575757575690e-01 6.239223191141106406e-02
3.030303030303030387e-01 7.575757575757575690e-01 8.630951186056907976e-02
3.333333333333333703e-01 7.575757575757575690e-01 1.123460759840482492e-01
3.636363636363636465e-01 7.575757575757575690e-01 1.387042491030953117e-01
3.939393939393939226e-01 7.575757575757575690e-01 1.633129007482965467e-01
4.242424242424242542e-01 7.575757575757575690e-01 1.840683566939931848e-01
4.545454545454545858e-01 7.575757575757575690e-01 1.990947101175952749e-01
4.848484848484848619e-01 7.575757575757575690e-01 2.069847414042384759e-01
5.151515151515151381e-01 7.575757575757575690e-01 2.069847414042384759e-01
5.454545454545454142e-01 7.575757575757575690e-01 1.990947101175953304e-01
5.757575757575758013e-01 7.575757575757575690e-01 1.840683566939932403e-01
6.060606060606060774e-01 7.575757575757575690e-01 1.633129007482966577e-01
6.363636363636363535e-01 7.575757575757575690e-01 1.387042491030954228e-01
6.666666666666667407e-01 7.575757575757575690e-01 1.123460759840483880e-01
6.969696969696970168e-01 7.575757575757575690e-01 8.630951186056921853e-02
7.272727272727272929e-01 7.575757575757575690e-01 6.239223191141123059e-02
7.575757575757575690e-01 7.575757575757575690e-01 4.193148058220350777e-02
7.878787878787878451e-01 7.575757575757575690e-01 2.569582025441766518e-02
8.181818181818182323e-01 7.575757575757575690e-01 1.386692357394846489e-02
8.484848484848485084e-01 7.575757575757575690e-01 6.107910641987673341e-03
8.787878787878787845e-01 7.575757575757575690e-01 1.701099178037575104e-03
9.090909090909091717e-01 7.575757575757575690e-01 -2.721622670113000068e-04
9.393939393939394478e-01 7.575757575757575690e-01 -7.420932368540404883e-04
9.696969696969697239e-01 7.575757575757575690e-01 -4.835492610435867590e-04
3.030303030303030387e-02 7.878787878787878451e-01 -4.326105500285285757e-04
6.060606060606060774e-02 7.878787878787878451e-01 -7.197844921585683535e-04
9.090909090909091161e-02 7.878787878787878451e-01 -5.406601728954418774e-04
1.212121212121212155e-01 7.878787878787878451e-01 5.966408151865369323e-04
1.515151515151515194e-01 7.878787878787878451e-01 3.281866709761389889e-03
1.818181818181818232e-01 7.878787878787878451e-01 8.097163338076807104e-03
2.121212121212121271e-01 7.878787878787878451e-01 1.549728806370509471e-02
2.424242424242424310e-01 7.878787878787878451e-01 2.569582025441753334e-02
2.727272727272727071e-01 7.878787878787878451e-01 3.857797640850791493e-02
3.030303030303030387e-01 7.878787878787878451e-01 5.365735069900842702e-02
3.333333333333333703e-01 7.878787878787878451e-01 7.008744075417781827e-02
3.636363636363636465e-01 7.878787878787878451e-01 8.673018276467021892e-02
3.939393939393939226e-01 7.878787878787878451e-01 1.022743340467218709e-01
4.242424242424242542e-01 7.878787878787878451e-01 1.153880103386753508e-01
4.545454545454545858e-01 7.878787878787878451e-01 1.248835102945970582e-01
4.848484848484848619e-01 7.878787878787878451e-01 1.298698642385777702e-01
5.151515151515151381e-01 7.878787878787878451e-01 1.298698642385777702e-01
5.454545454545454142e-01 7.878787878787878451e-01 1.248835102945971137e-01
5.757575757575758013e-01 7.878787878787878451e-01 1.153880103386754064e-01
6.060606060606060774e-01 7.878787878787878451e-01 1.022743340467219542e-01
6.363636363636363535e-01 7.878787878787878451e-01 8.673018276467031606e-02
6.666666666666667407e-01 7.878787878787878451e-01 7.008744075417792929e-02
6.969696969696970168e-01 7.878787878787878451e-01 5.365735069900855192e-02
7.272727272727272929e-01 7.878787878787878451e-01 3.857797640850804677e-02
7.575757575757575690e-01 7.878787878787878451e-01 2.569582025441767212e-02
7.878787878787878451e-01 7.878787878787878451e-01 1.549728806370523175e-02
8.181818181818182323e-01 7.878787878787878451e-01 8.097163338076933739e-03
8.484848484848485084e-01 7.878787878787878451e-01 3.281866709761499176e-03
8.787878787878787845e-01 7.878787878787878451e-01 5.966408151866278969e-04
9.090909090909091717e-01 7.878787878787878451e-01 -5.406601728953720548e-04
9.393939393939394478e-01 7.878787878787878451e-01 -7.197844921585194559e-04
9.696969696969697239e-01 7.878787878787878451e-01 -4.326105500285034222e-04
3.030303030303030387e-02 8.181818181818182323e-01 -3.784215117185950566e-04
6.060606060606060774e-02 8.181818181818182323e-01 -6.704919597387685483e-04
9.090909090909091161e-02 8.181818181818182323e-01 -6.899571367457369613e-04
1.212121212121212155e-01 8.181818181818182323e-01 -1.531372532474531672e-04
1.515151515151515194e-01 8.181818181818182323e-01 1.279360449137632904e-03
1.818181818181818232e-01 8.181818181818182323e-01 3.942297231468384379e-03
2.121212121212121271e-01 8.181818181818182323e-01 8.097163338076801900e-03
2.424242424242424310e-01 8.181818181818182323e-01 1.386692357394830183e-02
2.727272727272727071e-01 8.181818181818182323e-01 2.118599692784846680e-02
3.030303030303030387e-01 8.181818181818182323e-01 2.977542928179285203e-02
3.333333333333333703e-01 8.181818181818182323e-01 3.914950597287722434e-02
3.636363636363636465e-01 8.181818181818182323e-01 4.865508988049482841e-02
3.939393939393939226e-01 8.181818181818182323e-01 5.753957888579078195e-02
4.242424242424242542e-01 8.181818181818182323e-01 6.503847592403867728e-02
4.545454545454545858e-01 8.181818181818182323e-01 7.047001741314290468e-02
4.848484848484848619e-01 8.181818181818182323e-01 7.332275676154022259e-02
5.151515151515151381e-01 8.181818181818182323e-01 7.332275676154025035e-02
5.454545454545454142e-01 8.181818181818182323e-01 7.047001741314296019e-02
5.757575757575758013e-01 8.181818181818182323e-01 6.503847592403871891e-02
6.060606060606060774e-01 8.181818181818182323e-01 5.753957888579085134e-02
6.363636363636363535e-01 8.181818181818182323e-01 4.865508988049491168e-02
6.666666666666667407e-01 8.181818181818182323e-01 3.914950597287732148e-02
6.969696969696970168e-01 8.181818181818182323e-01 2.977542928179295958e-02
7.272727272727272929e-01 8.181818181818182323e-01 2.118599692784859170e-02
7.575757575757575690e-01 8.181818181818182323e-01 1.386692357394842326e-02
7.878787878787878451e-01 8.181818181818182323e-01 8.097163338076918127e-03
8.181818181818182323e-01 8.181818181818182323e-01 3.942297231468492799e-03
8.484848484848485084e-01 8.181818181818182323e-01 1.279360449137726796e-03
8.787878787878787845e-01 8.181818181818182323e-01 -1.531372532473760262e-04
9.090909090909091717e-01 8.181818181818182323e-01 -6.899571367456781975e-04
9.393939393939394478e-01 8.181818181818182323e-01 -6.704919597387273486e-04
9.696969696969697239e-01 8.181818181818182323e-01 -3.784215117185736979e-04
3.030303030303030387e-02 8.484848484848485084e-01 -3.212426267265290299e-04
6.060606060606060774e-02 8.484848484848485084e-01 -5.962367399940260047e-04
9.090909090909091161e-02 8.484848484848485084e-01 -7.289961264058269792e-04
1.212121212121212155e-01 8.484848484848485084e-01 -5.750179199100366413e-04
1.515151515151515194e-01 8.484848484848485084e-01 3.789656390718426469e-05
1.818181818181818232e-01 8.484848484848485084e-01 1.279360449137645264e-03
2.121212121212121271e-01 8.484848484848485084e-01 3.281866709761388154e-03
2.424242424242424310e-01 8.484848484848485084e-01 6.107910641987540634e-03
2.727272727272727071e-01 8.484848484848485084e-01 9.724766009716756185e-03
3.030303030303030387e-01 8.484848484848485084e-01 1.399195650223826470e-02
3.333333333333333703e-01 8.484848484848485084e-01 1.866458783920952463e-02
3.636363636363636465e-01 8.484848484848485084e-01 2.341319831160646597e-02
3.939393939393939226e-01 8.484848484848485084e-01 2.785806024810563025e-02
4.242424242424242542e-01 8.484848484848485084e-01 3.161338772853095058e-02
4.545454545454545858e-01 8.484848484848485084e-01 3.433511239671675763e-02
4.848484848484848619e-01 8.484848484848485084e-01 3.576510546066069551e-02
5.151515151515151381e-01 8.484848484848485084e-01 3.576510546066070939e-02
5.454545454545454142e-01 8.484848484848485084e-01 3.433511239671679927e-02
5.757575757575758013e-01 8.484848484848485084e-01 3.161338772853099222e-02
6.060606060606060774e-01 8.484848484848485084e-01 2.785806024810569270e-02
6.363636363636363535e-01 8.484848484848485084e-01 2.341319831160654230e-02
6.666666666666667407e-01 8.484848484848485084e-01 1.866458783920960790e-02
6.969696969696970168e-01 8.484848484848485084e-01 1.399195650223836011e-02
7.272727272727272929e-01 8.484848484848485084e-01 9.724766009716858534e-03
7.575757575757575690e-01 8.484848484848485084e-01 6.107910641987642983e-03
7.878787878787878451e-01 8.484848484848485084e-01 3.281866709761485732e-03
8.181818181818182323e-01 8.484848484848485084e-01 1.279360449137734602e-03
8.484848484848485084e-01 8.484848484848485084e-01 3.789656390726229337e-05
8.787878787878787845e-01 8.484848484848485084e-01 -5.750179199099725649e-04
9.090909090909091717e-01 8.484848484848485084e-01 -7.289961264057782985e-04
9.393939393939394478e-01 8.484848484848485084e-01 -5.962367399939920692e-04
9.696969696969697239e-01 8.484848484848485084e-01 -3.212426267265115201e-04
3.030303030303030387e-02 8.787878787878787845e-01 -2.612836872511480925e-04
6.060606060606060774e-02 8.787878787878787845e-01 -5.007215484332725158e-04
9.090909090909091161e-02 8.787878787878787845e-01 -6.760938627927017648e-04
1.212121212121212155e-01 8.787878787878787845e-01 -7.253161975478687349e-04
1.515151515151515194e-01 8.787878787878787845e-01 -5.750179199100427128e-04
1.818181818181818232e-01 8.787878787878787845e-01 -1.531372532474488304e-04
2.121212121212121271e-01 8.787878787878787845e-01 5.966408151865176335e-04
2.424242424242424310e-01 8.787878787878787845e-01 1.701099178037483164e-03
2.727272727272727071e-01 8.787878787878787845e-01 3.146892061777724955e-03
3.030303030303030387e-01 8.787878787878787845e-01 4.875272354562868588e-03
3.333333333333333703e-01 8.787878787878787845e-01 6.783486545223391638e-03
3.636363636363636465e-01 8.787878787878787845e-01 8.733122643098441967e-03
3.939393939393939226e-01 8.787878787878787845e-01 1.056454584794690177e-02
4.242424242424242542e-01 8.787878787878787845e-01 1.211551064422033107e-02
4.545454545454545858e-01 8.787878787878787845e-01 1.324128027164732380e-02
4.848484848484848619e-01 8.787878787878787845e-01 1.383325278016291592e-02
5.151515151515151381e-01 8.787878787878787845e-01 1.383325278016292632e-02
5.454545454545454142e-01 8.787878787878787845e-01 1.324128027164735329e-02
5.757575757575758013e-01 8.787878787878787845e-01 1.211551064422037097e-02
6.060606060606060774e-01 8.787878787878787845e-01 1.056454584794695381e-02
6.363636363636363535e-01 8.787878787878787845e-01 8.733122643098499213e-03
6.666666666666667407e-01 8.787878787878787845e-01 6.783486545223460160e-03
6.969696969696970168e-01 8.787878787878787845e-01 4.875272354562945783e-03
7.272727272727272929e-01 8.787878787878787845e-01 3.146892061777807788e-03
7.575757575757575690e-01 8.787878787878787845e-01 1.701099178037565563e-03
7.878787878787878451e-01 8.787878787878787845e-01 5.966408151865958045e-04
8.181818181818182323e-01 8.787878787878787845e-01 -1.531372532473765412e-04
8.484848484848485084e-01 8.787878787878787845e-01 -5.750179199099801543e-04
8.787878787878787845e-01 8.787878787878787845e-01 -7.253161975478174522e-04
9.090909090909091717e-01 8.787878787878787845e-01 -6.760938627926631672e-04
9.393939393939394478e-01 8.787878787878787845e-01 -5.007215484332455191e-04
9.696969696969697239e-01 8.787878787878787845e-01 -2.612836872511343231e-04
3.030303030303030387e-02 9.090909090909091717e-01 -1.987653552288860999e-04
6.060606060606060774e-02 9.090909090909091717e-01 -3.886163573613814746e-04
9.090909090909091161e-02 9.090909090909091717e-01 -5.546380551323361807e-04
1.212121212121212155e-01 9.090909090909091717e-01 -6.760938627927053426e-04
1.515151515151515194e-01 9.090909090909091717e-01 -7.289961264058343517e-04
1.818181818181818232e-01 9.090909090909091717e-01 -6.899571367457350097e-04
2.121212121212121271e-01 9.090909090909091717e-01 -5.406601728954642120e-04
2.424242424242424310e-01 9.090909090909091717e-01 -2.721622670113790451e-04
2.727272727272727071e-01 9.090909090909091717e-01 1.117799748676059809e-04
3.030303030303030387e-01 9.090909090909091717e-01 5.930458803310179874e-04
3.333333333333333703e-01 9.090909090909091717e-01 1.139581607523337163e-03
3.636363636363636465e-01 9.090909090909091717e-01 1.708024291431603937e-03
3.939393939393939226e-01 9.090909090909091717e-01 2.248251267957433741e-03
4.242424242424242542e-01 9.090909090909091717e-01 2.709253093697443476e-03
4.545454545454545858e-01 9.090909090909091717e-01 3.045487433251036109e-03
4.848484848484848619e-01 9.090909090909091717e-01 3.222764497524158514e-03
5.151515151515151381e-01 9.090909090909091717e-01 3.222764497524167188e-03
5.454545454545454142e-01 9.090909090909091717e-01 3.045487433251059962e-03
5.757575757575758013e-01 9.090909090909091717e-01 2.709253093697474267e-03
6.060606060606060774e-01 9.090909090909091717e-01 2.248251267957471038e-03
6.363636363636363535e-01 9.090909090909091717e-01 1.708024291431648389e-03
6.666666666666667407e-01 9.090909090909091717e-01 1.139581607523389639e-03
6.969696969696970168e-01 9.090909090909091717e-01 5.930458803310763175e-04
7.272727272727272929e-01 9.090909090909091717e-01 1.117799748676693254e-04
7.575757575757575690e-01 9.090909090909091717e-01 -2.721622670113158361e-04
7.878787878787878451e-01 9.090909090909091717e-01 -5.406601728954045808e-04
8.181818181818182323e-01 9.090909090909091717e-01 -6.899571367456807996e-04
8.484848484848485084e-01 9.090909090909091717e-01 -7.289961264057874058e-04
8.787878787878787845e-01 9.090909090909091717e-01 -6.760938627926668535e-04
9.090909090909091717e-01 9.090909090909091717e-01 -5.546380551323071241e-04
9.393939393939394478e-01 9.090909090909091717e-01 -3.886163573613614169e-04
9.696969696969697239e-01 9.090909090909091717e-01 -1.987653552288759084e-04
3.030303030303030387e-02 9.393939393939394478e-01 -1.340018744598099490e-04
6.060606060606060774e-02 9.393939393939394478e-01 -2.648442812852241446e-04
9.090909090909091161e-02 9.393939393939394478e-01 -3.886163573613806072e-04
1.212121212121212155e-01 9.393939393939394478e-01 -5.007215484332726242e-04
1.515151515151515194e-01 9.393939393939394478e-01 -5.962367399940267636e-04
1.818181818181818232e-01 9.393939393939394478e-01 -6.704919597387617178e-04
2.121212121212121271e-01 9.393939393939394478e-01 -7.197844921585745334e-04
2.424242424242424310e-01 9.393939393939394478e-01 -7.420932368540892774e-04
2.727272727272727071e-01 9.393939393939394478e-01 -7.376465340566706365e-04
3.030303030303030387e-01 9.393939393939394478e-01 -7.092153270078441077e-04
3.333333333333333703e-01 9.393939393939394478e-01 -6.620473517868262579e-04
3.636363636363636465e-01 9.393939393939394478e-01 -6.034185368691945967e-04
3.939393939393939226e-01 9.393939393939394478e-01 -5.418442555798179275e-04
4.242424242424242542e-01 9.393939393939394478e-01 -4.860538919532557921e-04
4.545454545454545858e-01 9.393939393939394478e-01 -4.438766336642590887e-04
4.848484848484848619e-01 9.393939393939394478e-01 -4.212064980875842852e-04
5.151515151515151381e-01 9.393939393939394478e-01 -4.212064980875785390e-04
5.454545454545454142e-01 9.393939393939394478e-01 -4.438766336642421210e-04
5.757575757575758013e-01 9.393939393939394478e-01 -4.860538919532335659e-04
6.060606060606060774e-01 9.393939393939394478e-01 -5.418442555797915814e-04
6.363636363636363535e-01 9.393939393939394478e-01 -6.034185368691642390e-04
6.666666666666667407e-01 9.393939393939394478e-01 -6.620473517867910213e-04
6.969696969696970168e-01 9.393939393939394478e-01 -7.092153270078050764e-04
7.272727272727272929e-01 9.393939393939394478e-01 -7.376465340566275937e-04
7.575757575757575690e-01 9.393939393939394478e-01 -7.420932368540467767e-04
7.878787878787878451e-01 9.393939393939394478e-01 -7.197844921585344179e-04
8.181818181818182323e-01 9.393939393939394478e-01 -6.704919597387255055e-04
8.484848484848485084e-01 9.393939393939394478e-01 -5.962367399939953218e-04
8.787878787878787845e-01 9.393939393939394478e-01 -5.007215484332467118e-04
9.090909090909091717e-01 9.393939393939394478e-01 -3.886163573613613084e-04
9.393939393939394478e-01 9.393939393939394478e-01 -2.648442812852109174e-04
9.696969696969697239e-01 9.393939393939394478e-01 -1.340018744598032812e-04
3.030303030303030387e-02 9.696969696969697239e-01 -6.749373017094779232e-05
6.060606060606060774e-02 9.696969696969697239e-01 -1.340018744598058290e-04
9.090909090909091161e-02 9.696969696969697239e-01 -1.987653552288798386e-04
1.212121212121212155e-01 9.696969696969697239e-01 -2.612836872511408825e-04
1.515151515151515194e-01 9.696969696969697239e-01 -3.212426267265199227e-04
1.818181818181818232e-01 9.696969696969697239e-01 -3.784215117185805283e-04
2.121212121212121271e-01 9.696969696969697239e-01 -4.326105500285191432e-04
2.424242424242424310e-01 9.696969696969697239e-01 -4.835492610435959747e-04
2.727272727272727071e-01 9.696969696969697239e-01 -5.308897906194809000e-04
3.030303030303030387e-01 9.696969696969697239e-01 -5.741851588349407027e-04
3.333333333333333703e-01 9.696969696969697239e-01 -6.129002529180902154e-04
3.636363636363636465e-01 9.696969696969697239e-01 -6.464416789856370152e-04
3.939393939393939226e-01 9.696969696969697239e-01 -6.742012164705465981e-04
4.242424242424242542e-01 9.696969696969697239e-01 -6.956066292287159869e-04
4.545454545454545858e-01 9.696969696969697239e-01 -7.101731144629740708e-04
4.848484848484848619e-01 9.696969696969697239e-01 -7.175488355618958591e-04
5.151515151515151381e-01 9.696969696969697239e-01 -7.175488355618926065e-04
5.454545454545454142e-01 9.696969696969697239e-01 -7.101731144629648551e-04
5.757575757575758013e-01 9.696969696969697239e-01 -6.956066292287056869e-04
6.060606060606060774e-01 9.696969696969697239e-01 -6.742012164705346719e-04
6.363636363636363535e-01 9.696969696969697239e-01 -6.464416789856227037e-04
6.666666666666667407e-01 9.696969696969697239e-01 -6.129002529180733018e-04
6.969696969696970168e-01 9.696969696969697239e-01 -5.741851588349212955e-04
7.272727272727272929e-01 9.696969696969697239e-01 -5.308897906194593244e-04
7.575757575757575690e-01 9.696969696969697239e-01 -4.835492610435741822e-04
7.878787878787878451e-01 9.696969696969697239e-01 -4.326105500284987602e-04
8.181818181818182323e-01 9.696969696969697239e-01 -3.784215117185622595e-04
8.484848484848485084e-01 9.696969696969697239e-01 -3.212426267265044728e-04
8.787878787878787845e-01 9.696969696969697239e-01 -2.612836872511280890e-04
9.090909090909091717e-01 9.696969696969697239e-01 -1.987653552288701350e-04
9.393939393939394478e-01 9.696969696969697239e-01 -1.340018744597992154e-04
9.696969696969697239e-01 9.696969696969697239e-01 -6.749373017094448550e-05
