x y U
0.000000000000000000e+00 0.000000000000000000e+00 0.000000000000000000e+00
4.761904761904761640e-02 0.000000000000000000e+00 0.000000000000000000e+00
9.523809523809523281e-02 0.000000000000000000e+00 0.000000000000000000e+00
1.428571428571428492e-01 0.000000000000000000e+00 0.000000000000000000e+00
1.904761904761904656e-01 0.000000000000000000e+00 0.000000000000000000e+00
2.380952380952380820e-01 0.000000000000000000e+00 0.000000000000000000e+00
2.857142857142856984e-01 0.000000000000000000e+00 0.000000000000000000e+00
3.333333333333333148e-01 0.000000000000000000e+00 0.000000000000000000e+00
3.809523809523809312e-01 0.000000000000000000e+00 0.000000000000000000e+00
4.285714285714285476e-01 0.000000000000000000e+00 0.000000000000000000e+00
4.761904761904761640e-01 0.000000000000000000e+00 0.000000000000000000e+00
5.238095238095237249e-01 0.000000000000000000e+00 0.000000000000000000e+00
5.714285714285713969e-01 0.000000000000000000e+00 0.000000000000000000e+00
6.190476190476190688e-01 0.000000000000000000e+00 0.000000000000000000e+00
6.666666666666666297e-01 0.000000000000000000e+00 0.000000000000000000e+00
7.142857142857141906e-01 0.000000000000000000e+00 0.000000000000000000e+00
7.619047619047618625e-01 0.000000000000000000e+00 0.000000000000000000e+00
8.095238095238095344e-01 0.000000000000000000e+00 0.000000000000000000e+00
8.571428571428570953e-01 0.000000000000000000e+00 0.000000000000000000e+00
9.047619047619046562e-01 0.000000000000000000e+00 0.000000000000000000e+00
9.523809523809523281e-01 0.000000000000000000e+00 0.000000000000000000e+00
1.000000000000000000e+00 0.000000000000000000e+00 0.000000000000000000e+00
0.000000000000000000e+00 4.761904761904761640e-02 0.000000000000000000e+00
4.761904761904761640e-02 4.761904761904761640e-02 -1.382750809179061884e-05
9.523809523809523281e-02 4.761904761904761640e-02 -2.523579826801929788e-05
1.428571428571428492e-01 4.761904761904761640e-02 -2.799624208332995577e-05
1.904761904761904656e-01 4.761904761904761640e-02 -1.395441604453505794e-05
2.380952380952380820e-01 4.761904761904761640e-02 2.334157949208149303e-05
2.857142857142856984e-01 4.761904761904761640e-02 8.487545741431080416e-05
3.333333333333333148e-01 4.761904761904761640e-02 1.639800727256556694e-04
3.809523809523809312e-01 4.761904761904761640e-02 2.468853789040337103e-04
4.285714285714285476e-01 4.761904761904761640e-02 3.160898264928177362e-04
4.761904761904761640e-01 4.761904761904761640e-02 3.554982813250657722e-04
5.238095238095237249e-01 4.761904761904761640e-02 3.554982813250620317e-04
5.714285714285713969e-01 4.761904761904761640e-02 3.160898264928068942e-04
6.190476190476190688e-01 4.761904761904761640e-02 2.468853789040192362e-04
6.666666666666666297e-01 4.761904761904761640e-02 1.639800727256434992e-04
7.142857142857141906e-01 4.761904761904761640e-02 8.487545741430199502e-05
7.619047619047618625e-01 4.761904761904761640e-02 2.334157949207482519e-05
8.095238095238095344e-01 4.761904761904761640e-02 -1.395441604453872559e-05
8.571428571428570953e-01 4.761904761904761640e-02 -2.799624208333151092e-05
9.047619047619046562e-01 4.761904761904761640e-02 -2.523579826801852877e-05
9.523809523809523281e-01 4.761904761904761640e-02 -1.382750809178946179e-05
1.000000000000000000e+00 4.761904761904761640e-02 0.000000000000000000e+00
0.000000000000000000e+00 9.523809523809523281e-02 0.000000000000000000e+00
4.761904761904761640e-02 9.523809523809523281e-02 -2.523579826805467336e-05
9.523809523809523281e-02 9.523809523809523281e-02 -1.566747679146122607e-05
1.428571428571428492e-01 9.523809523809523281e-02 1.150848853141982377e-04
1.904761904761904656e-01 9.523809523809523281e-02 4.776504923812901820e-04
2.380952380952380820e-01 9.523809523809523281e-02 1.155890127926270184e-03
2.857142857142856984e-01 9.523809523809523281e-02 2.156047250193396728e-03
3.333333333333333148e-01 9.523809523809523281e-02 3.378334663511690667e-03
3.809523809523809312e-01 9.523809523809523281e-02 4.625963476761995631e-03
4.285714285714285476e-01 9.523809523809523281e-02 5.652469883844966209e-03
4.761904761904761640e-01 9.523809523809523281e-02 6.232730962237948737e-03
5.238095238095237249e-01 9.523809523809523281e-02 6.232730962237940063e-03
5.714285714285713969e-01 9.523809523809523281e-02 5.652469883844941055e-03
6.190476190476190688e-01 9.523809523809523281e-02 4.625963476761964406e-03
6.666666666666666297e-01 9.523809523809523281e-02 3.378334663511666815e-03
7.142857142857141906e-01 9.523809523809523281e-02 2.156047250193380248e-03
7.619047619047618625e-01 9.523809523809523281e-02 1.155890127926257607e-03
8.095238095238095344e-01 9.523809523809523281e-02 4.776504923812843273e-04
8.571428571428570953e-01 9.523809523809523281e-02 1.150848853141951342e-04
9.047619047619046562e-01 9.523809523809523281e-02 -1.566747679145918642e-05
9.523809523809523281e-01 9.523809523809523281e-02 -2.523579826805197302e-05
1.000000000000000000e+00 9.523809523809523281e-02 0.000000000000000000e+00
0.000000000000000000e+00 1.428571428571428492e-01 0.000000000000000000e+00
4.761904761904761640e-02 1.428571428571428492e-01 -2.799624208338011706e-05
9.523809523809523281e-02 1.428571428571428492e-01 1.150848853141893472e-04
1.428571428571428492e-01 1.428571428571428492e-01 8.432979028421763593e-04
1.904761904761904656e-01 1.428571428571428492e-01 2.684495406264727005e-03
2.380952380952380820e-01 1.428571428571428492e-01 6.035960893896972872e-03
2.857142857142856984e-01 1.428571428571428492e-01 1.092193180866063949e-02
3.333333333333333148e-01 1.428571428571428492e-01 1.685885705512342111e-02
3.809523809523809312e-01 1.428571428571428492e-01 2.289968206221956390e-02
4.285714285714285476e-01 1.428571428571428492e-01 2.786096084414110829e-02
4.761904761904761640e-01 1.428571428571428492e-01 3.066285378586223673e-02
5.238095238095237249e-01 1.428571428571428492e-01 3.066285378586221938e-02
5.714285714285713969e-01 1.428571428571428492e-01 2.786096084414107360e-02
6.190476190476190688e-01 1.428571428571428492e-01 2.289968206221952227e-02
6.666666666666666297e-01 1.428571428571428492e-01 1.685885705512338642e-02
7.142857142857141906e-01 1.428571428571428492e-01 1.092193180866061694e-02
7.619047619047618625e-01 1.428571428571428492e-01 6.035960893896958127e-03
8.095238095238095344e-01 1.428571428571428492e-01 2.684495406264719632e-03
8.571428571428570953e-01 1.428571428571428492e-01 8.432979028421726730e-04
9.047619047619046562e-01 1.428571428571428492e-01 1.150848853141921933e-04
9.523809523809523281e-01 1.428571428571428492e-01 -2.799624208337634268e-05
1.000000000000000000e+00 1.428571428571428492e-01 0.000000000000000000e+00
0.000000000000000000e+00 1.904761904761904656e-01 0.000000000000000000e+00
4.761904761904761640e-02 1.904761904761904656e-01 -1.395441604458049448e-05
9.523809523809523281e-02 1.904761904761904656e-01 4.776504923813113240e-04
1.428571428571428492e-01 1.904761904761904656e-01 2.684495406264780348e-03
1.904761904761904656e-01 1.904761904761904656e-01 8.145977610529429522e-03
2.380952380952380820e-01 1.904761904761904656e-01 1.801798226414209544e-02
2.857142857142856984e-01 1.904761904761904656e-01 3.236590175546579656e-02
3.333333333333333148e-01 1.904761904761904656e-01 4.977242813081719092e-02
3.809523809523809312e-01 1.904761904761904656e-01 6.746782344019675026e-02
4.285714285714285476e-01 1.904761904761904656e-01 8.199350381250404551e-02
4.761904761904761640e-01 1.904761904761904656e-01 9.019473178862336127e-02
5.238095238095237249e-01 1.904761904761904656e-01 9.019473178862336127e-02
5.714285714285713969e-01 1.904761904761904656e-01 8.199350381250401776e-02
6.190476190476190688e-01 1.904761904761904656e-01 6.746782344019669475e-02
6.666666666666666297e-01 1.904761904761904656e-01 4.977242813081717704e-02
7.142857142857141906e-01 1.904761904761904656e-01 3.236590175546578962e-02
7.619047619047618625e-01 1.904761904761904656e-01 1.801798226414208504e-02
8.095238095238095344e-01 1.904761904761904656e-01 8.145977610529426052e-03
8.571428571428570953e-01 1.904761904761904656e-01 2.684495406264776011e-03
9.047619047619046562e-01 1.904761904761904656e-01 4.776504923813136008e-04
9.523809523809523281e-01 1.904761904761904656e-01 -1.395441604457709279e-05
1.000000000000000000e+00 1.904761904761904656e-01 0.000000000000000000e+00
0.000000000000000000e+00 2.380952380952380820e-01 0.000000000000000000e+00
4.761904761904761640e-02 2.380952380952380820e-01 2.334157949203661723e-05
9.523809523809523281e-02 2.380952380952380820e-01 1.155890127926294687e-03
1.428571428571428492e-01 2.380952380952380820e-01 6.035960893897037056e-03
1.904761904761904656e-01 2.380952380952380820e-01 1.801798226414209891e-02
2.380952380952380820e-01 2.380952380952380820e-01 3.961799007613750478e-02
2.857142857142856984e-01 2.380952380952380820e-01 7.097328842443463570e-02
3.333333333333333148e-01 2.380952380952380820e-01 1.089885310254265632e-01
3.809523809523809312e-01 2.380952380952380820e-01 1.476206673530236491e-01
4.285714285714285476e-01 2.380952380952380820e-01 1.793261436475037385e-01
4.761904761904761640e-01 2.380952380952380820e-01 1.972251575517944000e-01
5.238095238095237249e-01 2.380952380952380820e-01 1.972251575517944000e-01
5.714285714285713969e-01 2.380952380952380820e-01 1.793261436475036552e-01
6.190476190476190688e-01 2.380952380952380820e-01 1.476206673530235935e-01
6.666666666666666297e-01 2.380952380952380820e-01 1.089885310254265632e-01
7.142857142857141906e-01 2.380952380952380820e-01 7.097328842443466346e-02
7.619047619047618625e-01 2.380952380952380820e-01 3.961799007613751866e-02
8.095238095238095344e-01 2.380952380952380820e-01 1.801798226414210585e-02
8.571428571428570953e-01 2.380952380952380820e-01 6.035960893897037056e-03
9.047619047619046562e-01 2.380952380952380820e-01 1.155890127926296205e-03
9.523809523809523281e-01 2.380952380952380820e-01 2.334157949203731857e-05
1.000000000000000000e+00 2.380952380952380820e-01 0.000000000000000000e+00
0.000000000000000000e+00 2.857142857142856984e-01 0.000000000000000000e+00
4.761904761904761640e-02 2.857142857142856984e-01 8.487545741427876599e-05
9.523809523809523281e-02 2.857142857142856984e-01 2.156047250193430555e-03
1.428571428571428492e-01 2.857142857142856984e-01 1.092193180866073664e-02
1.904761904761904656e-01 2.857142857142856984e-01 3.236590175546578962e-02
2.380952380952380820e-01 2.857142857142856984e-01 7.097328842443466346e-02
2.857142857142856984e-01 2.857142857142856984e-01 1.269840832985269785e-01
3.333333333333333148e-01 2.857142857142856984e-01 1.948704706010625232e-01
3.809523809523809312e-01 2.857142857142856984e-01 2.638461058271094895e-01
4.285714285714285476e-01 2.857142857142856984e-01 3.204486634671736556e-01
4.761904761904761640e-01 2.857142857142856984e-01 3.524013272770601946e-01
5.238095238095237249e-01 2.857142857142856984e-01 3.524013272770601946e-01
5.714285714285713969e-01 2.857142857142856984e-01 3.204486634671736556e-01
6.190476190476190688e-01 2.857142857142856984e-01 2.638461058271094895e-01
6.666666666666666297e-01 2.857142857142856984e-01 1.948704706010625787e-01
7.142857142857141906e-01 2.857142857142856984e-01 1.269840832985270340e-01
7.619047619047618625e-01 2.857142857142856984e-01 7.097328842443470509e-02
8.095238095238095344e-01 2.857142857142856984e-01 3.236590175546581044e-02
8.571428571428570953e-01 2.857142857142856984e-01 1.092193180866074184e-02
9.047619047619046562e-01 2.857142857142856984e-01 2.156047250193426652e-03
9.523809523809523281e-01 2.857142857142856984e-01 8.487545741427361603e-05
1.000000000000000000e+00 2.857142857142856984e-01 0.000000000000000000e+00
0.000000000000000000e+00 3.333333333333333148e-01 0.000000000000000000e+00
4.761904761904761640e-02 3.333333333333333148e-01 1.639800727256445834e-04
9.523809523809523281e-02 3.333333333333333148e-01 3.378334663511744877e-03
1.428571428571428492e-01 3.333333333333333148e-01 1.685885705512354601e-02
1.904761904761904656e-01 3.333333333333333148e-01 4.977242813081726031e-02
2.380952380952380820e-01 3.333333333333333148e-01 1.089885310254265632e-01
2.857142857142856984e-01 3.333333333333333148e-01 1.948704706010625787e-01
3.333333333333333148e-01 3.333333333333333148e-01 2.989434794615223878e-01
3.809523809523809312e-01 3.333333333333333148e-01 4.046758580673702754e-01
4.285714285714285476e-01 3.333333333333333148e-01 4.914365958328852368e-01
4.761904761904761640e-01 3.333333333333333148e-01 5.404123341676234649e-01
5.238095238095237249e-01 3.333333333333333148e-01 5.404123341676234649e-01
5.714285714285713969e-01 3.333333333333333148e-01 4.914365958328852368e-01
6.190476190476190688e-01 3.333333333333333148e-01 4.046758580673702754e-01
6.666666666666666297e-01 3.333333333333333148e-01 2.989434794615224988e-01
7.142857142857141906e-01 3.333333333333333148e-01 1.948704706010627175e-01
7.619047619047618625e-01 3.333333333333333148e-01 1.089885310254266743e-01
8.095238095238095344e-01 3.333333333333333148e-01 4.977242813081731582e-02
8.571428571428570953e-01 3.333333333333333148e-01 1.685885705512355642e-02
9.047619047619046562e-01 3.333333333333333148e-01 3.378334663511736637e-03
9.523809523809523281e-01 3.333333333333333148e-01 1.639800727256306785e-04
1.000000000000000000e+00 3.333333333333333148e-01 0.000000000000000000e+00
0.000000000000000000e+00 3.809523809523809312e-01 0.000000000000000000e+00
4.761904761904761640e-02 3.809523809523809312e-01 2.468853789040377218e-04
9.523809523809523281e-02 3.809523809523809312e-01 4.625963476762053744e-03
1.428571428571428492e-01 3.809523809523809312e-01 2.289968206221970962e-02
1.904761904761904656e-01 3.809523809523809312e-01 6.746782344019675026e-02
2.380952380952380820e-01 3.809523809523809312e-01 1.476206673530237323e-01
2.857142857142856984e-01 3.809523809523809312e-01 2.638461058271095450e-01
3.333333333333333148e-01 3.809523809523809312e-01 4.046758580673702754e-01
3.809523809523809312e-01 3.809523809523809312e-01 5.477428180418807413e-01
4.285714285714285476e-01 3.809523809523809312e-01 6.651352243722123969e-01
4.761904761904761640e-01 3.809523809523809312e-01 7.314011166632701233e-01
5.238095238095237249e-01 3.809523809523809312e-01 7.314011166632701233e-01
5.714285714285713969e-01 3.809523809523809312e-01 6.651352243722123969e-01
6.190476190476190688e-01 3.809523809523809312e-01 5.477428180418809633e-01
6.666666666666666297e-01 3.809523809523809312e-01 4.046758580673704420e-01
7.142857142857141906e-01 3.809523809523809312e-01 2.638461058271097670e-01
7.619047619047618625e-01 3.809523809523809312e-01 1.476206673530238711e-01
8.095238095238095344e-01 3.809523809523809312e-01 6.746782344019683353e-02
8.571428571428570953e-01 3.809523809523809312e-01 2.289968206221972696e-02
9.047619047619046562e-01 3.809523809523809312e-01 4.625963476762035530e-03
9.523809523809523281e-01 3.809523809523809312e-01 2.468853789040135441e-04
1.000000000000000000e+00 3.809523809523809312e-01 0.000000000000000000e+00
0.000000000000000000e+00 4.285714285714285476e-01 0.000000000000000000e+00
4.761904761904761640e-02 4.285714285714285476e-01 3.160898264928309093e-04
9.523809523809523281e-02 4.285714285714285476e-01 5.652469883845000036e-03
1.428571428571428492e-01 4.285714285714285476e-01 2.786096084414124013e-02
1.904761904761904656e-01 4.285714285714285476e-01 8.199350381250411490e-02
2.380952380952380820e-01 4.285714285714285476e-01 1.793261436475037385e-01
2.857142857142856984e-01 4.285714285714285476e-01 3.204486634671737666e-01
3.333333333333333148e-01 4.285714285714285476e-01 4.914365958328852368e-01
3.809523809523809312e-01 4.285714285714285476e-01 6.651352243722123969e-01
4.285714285714285476e-01 4.285714285714285476e-01 8.076595022993953155e-01
4.761904761904761640e-01 4.285714285714285476e-01 8.881110780520146131e-01
5.238095238095237249e-01 4.285714285714285476e-01 8.881110780520146131e-01
5.714285714285713969e-01 4.285714285714285476e-01 8.076595022993953155e-01
6.190476190476190688e-01 4.285714285714285476e-01 6.651352243722126190e-01
6.666666666666666297e-01 4.285714285714285476e-01 4.914365958328855144e-01
7.142857142857141906e-01 4.285714285714285476e-01 3.204486634671740442e-01
7.619047619047618625e-01 4.285714285714285476e-01 1.793261436475039328e-01
8.095238095238095344e-01 4.285714285714285476e-01 8.199350381250421205e-02
8.571428571428570953e-01 4.285714285714285476e-01 2.786096084414125748e-02
9.047619047619046562e-01 4.285714285714285476e-01 5.652469883844972280e-03
9.523809523809523281e-01 4.285714285714285476e-01 3.160898264927968111e-04
1.000000000000000000e+00 4.285714285714285476e-01 0.000000000000000000e+00
0.000000000000000000e+00 4.761904761904761640e-01 0.000000000000000000e+00
4.761904761904761640e-02 4.761904761904761640e-01 3.554982813250783490e-04
9.523809523809523281e-02 4.761904761904761640e-01 6.232730962238028534e-03
1.428571428571428492e-01 4.761904761904761640e-01 3.066285378586244489e-02
1.904761904761904656e-01 4.761904761904761640e-01 9.019473178862343066e-02
2.380952380952380820e-01 4.761904761904761640e-01 1.972251575517944278e-01
2.857142857142856984e-01 4.761904761904761640e-01 3.524013272770601946e-01
3.333333333333333148e-01 4.761904761904761640e-01 5.404123341676234649e-01
3.809523809523809312e-01 4.761904761904761640e-01 7.314011166632701233e-01
4.285714285714285476e-01 4.761904761904761640e-01 8.881110780520146131e-01
4.761904761904761640e-01 4.761904761904761640e-01 9.765697346714438121e-01
5.238095238095237249e-01 4.761904761904761640e-01 9.765697346714438121e-01
5.714285714285713969e-01 4.761904761904761640e-01 8.881110780520146131e-01
6.190476190476190688e-01 4.761904761904761640e-01 7.314011166632704564e-01
6.666666666666666297e-01 4.761904761904761640e-01 5.404123341676236869e-01
7.142857142857141906e-01 4.761904761904761640e-01 3.524013272770604721e-01
7.619047619047618625e-01 4.761904761904761640e-01 1.972251575517946498e-01
8.095238095238095344e-01 4.761904761904761640e-01 9.019473178862354168e-02
8.571428571428570953e-01 4.761904761904761640e-01 3.066285378586245877e-02
9.047619047619046562e-01 4.761904761904761640e-01 6.232730962237990370e-03
9.523809523809523281e-01 4.761904761904761640e-01 3.554982813250374203e-04
1.000000000000000000e+00 4.761904761904761640e-01 0.000000000000000000e+00
0.000000000000000000e+00 5.238095238095237249e-01 0.000000000000000000e+00
4.761904761904761640e-02 5.238095238095237249e-01 3.554982813250788911e-04
9.523809523809523281e-02 5.238095238095237249e-01 6.232730962238028534e-03
1.428571428571428492e-01 5.238095238095237249e-01 3.066285378586244836e-02
1.904761904761904656e-01 5.238095238095237249e-01 9.019473178862343066e-02
2.380952380952380820e-01 5.238095238095237249e-01 1.972251575517944278e-01
2.857142857142856984e-01 5.238095238095237249e-01 3.524013272770601946e-01
3.333333333333333148e-01 5.238095238095237249e-01 5.404123341676234649e-01
3.809523809523809312e-01 5.238095238095237249e-01 7.314011166632701233e-01
4.285714285714285476e-01 5.238095238095237249e-01 8.881110780520146131e-01
4.761904761904761640e-01 5.238095238095237249e-01 9.765697346714438121e-01
5.238095238095237249e-01 5.238095238095237249e-01 9.765697346714438121e-01
5.714285714285713969e-01 5.238095238095237249e-01 8.881110780520146131e-01
6.190476190476190688e-01 5.238095238095237249e-01 7.314011166632704564e-01
6.666666666666666297e-01 5.238095238095237249e-01 5.404123341676236869e-01
7.142857142857141906e-01 5.238095238095237249e-01 3.524013272770604721e-01
7.619047619047618625e-01 5.238095238095237249e-01 1.972251575517946498e-01
8.095238095238095344e-01 5.238095238095237249e-01 9.019473178862354168e-02
8.571428571428570953e-01 5.238095238095237249e-01 3.066285378586245530e-02
9.047619047619046562e-01 5.238095238095237249e-01 6.232730962237990370e-03
9.523809523809523281e-01 5.238095238095237249e-01 3.554982813250368782e-04
1.000000000000000000e+00 5.238095238095237249e-01 0.000000000000000000e+00
0.000000000000000000e+00 5.714285714285713969e-01 0.000000000000000000e+00
4.761904761904761640e-02 5.714285714285713969e-01 3.160898264928207720e-04
9.523809523809523281e-02 5.714285714285713969e-01 5.652469883844967943e-03
1.428571428571428492e-01 5.714285714285713969e-01 2.786096084414118462e-02
1.904761904761904656e-01 5.714285714285713969e-01 8.199350381250405939e-02
2.380952380952380820e-01 5.714285714285713969e-01 1.793261436475037385e-01
2.857142857142856984e-01 5.714285714285713969e-01 3.204486634671736556e-01
3.333333333333333148e-01 5.714285714285713969e-01 4.914365958328852368e-01
3.809523809523809312e-01 5.714285714285713969e-01 6.651352243722125079e-01
4.285714285714285476e-01 5.714285714285713969e-01 8.076595022993953155e-01
4.761904761904761640e-01 5.714285714285713969e-01 8.881110780520146131e-01
5.238095238095237249e-01 5.714285714285713969e-01 8.881110780520146131e-01
5.714285714285713969e-01 5.714285714285713969e-01 8.076595022993953155e-01
6.190476190476190688e-01 5.714285714285713969e-01 6.651352243722125079e-01
6.666666666666666297e-01 5.714285714285713969e-01 4.914365958328855144e-01
7.142857142857141906e-01 5.714285714285713969e-01 3.204486634671739331e-01
7.619047619047618625e-01 5.714285714285713969e-01 1.793261436475038495e-01
8.095238095238095344e-01 5.714285714285713969e-01 8.199350381250412878e-02
8.571428571428570953e-01 5.714285714285713969e-01 2.786096084414118462e-02
9.047619047619046562e-01 5.714285714285713969e-01 5.652469883844928912e-03
9.523809523809523281e-01 5.714285714285713969e-01 3.160898264927815239e-04
1.000000000000000000e+00 5.714285714285713969e-01 0.000000000000000000e+00
0.000000000000000000e+00 6.190476190476190688e-01 0.000000000000000000e+00
4.761904761904761640e-02 6.190476190476190688e-01 2.468853789039971726e-04
9.523809523809523281e-02 6.190476190476190688e-01 4.625963476761996498e-03
1.428571428571428492e-01 6.190476190476190688e-01 2.289968206221962288e-02
1.904761904761904656e-01 6.190476190476190688e-01 6.746782344019669475e-02
2.380952380952380820e-01 6.190476190476190688e-01 1.476206673530236491e-01
2.857142857142856984e-01 6.190476190476190688e-01 2.638461058271095450e-01
3.333333333333333148e-01 6.190476190476190688e-01 4.046758580673702754e-01
3.809523809523809312e-01 6.190476190476190688e-01 5.477428180418809633e-01
4.285714285714285476e-01 6.190476190476190688e-01 6.651352243722125079e-01
4.761904761904761640e-01 6.190476190476190688e-01 7.314011166632704564e-01
5.238095238095237249e-01 6.190476190476190688e-01 7.314011166632704564e-01
5.714285714285713969e-01 6.190476190476190688e-01 6.651352243722125079e-01
6.190476190476190688e-01 6.190476190476190688e-01 5.477428180418810744e-01
6.666666666666666297e-01 6.190476190476190688e-01 4.046758580673704420e-01
7.142857142857141906e-01 6.190476190476190688e-01 2.638461058271097115e-01
7.619047619047618625e-01 6.190476190476190688e-01 1.476206673530237323e-01
8.095238095238095344e-01 6.190476190476190688e-01 6.746782344019675026e-02
8.571428571428570953e-01 6.190476190476190688e-01 2.289968206221962288e-02
9.047619047619046562e-01 6.190476190476190688e-01 4.625963476761963539e-03
9.523809523809523281e-01 6.190476190476190688e-01 2.468853789039651887e-04
1.000000000000000000e+00 6.190476190476190688e-01 0.000000000000000000e+00
0.000000000000000000e+00 6.666666666666666297e-01 0.000000000000000000e+00
4.761904761904761640e-02 6.666666666666666297e-01 1.639800727255863076e-04
9.523809523809523281e-02 6.666666666666666297e-01 3.378334663511651202e-03
1.428571428571428492e-01 6.666666666666666297e-01 1.685885705512345234e-02
1.904761904761904656e-01 6.666666666666666297e-01 4.977242813081711459e-02
2.380952380952380820e-01 6.666666666666666297e-01 1.089885310254264800e-01
2.857142857142856984e-01 6.666666666666666297e-01 1.948704706010625509e-01
3.333333333333333148e-01 6.666666666666666297e-01 2.989434794615223323e-01
3.809523809523809312e-01 6.666666666666666297e-01 4.046758580673703309e-01
4.285714285714285476e-01 6.666666666666666297e-01 4.914365958328854034e-01
4.761904761904761640e-01 6.666666666666666297e-01 5.404123341676236869e-01
5.238095238095237249e-01 6.666666666666666297e-01 5.404123341676236869e-01
5.714285714285713969e-01 6.666666666666666297e-01 4.914365958328854034e-01
6.190476190476190688e-01 6.666666666666666297e-01 4.046758580673703309e-01
6.666666666666666297e-01 6.666666666666666297e-01 2.989434794615223878e-01
7.142857142857141906e-01 6.666666666666666297e-01 1.948704706010626064e-01
7.619047619047618625e-01 6.666666666666666297e-01 1.089885310254265494e-01
8.095238095238095344e-01 6.666666666666666297e-01 4.977242813081714928e-02
8.571428571428570953e-01 6.666666666666666297e-01 1.685885705512344540e-02
9.047619047619046562e-01 6.666666666666666297e-01 3.378334663511625615e-03
9.523809523809523281e-01 6.666666666666666297e-01 1.639800727255640272e-04
1.000000000000000000e+00 6.666666666666666297e-01 0.000000000000000000e+00
0.000000000000000000e+00 7.142857142857141906e-01 0.000000000000000000e+00
4.761904761904761640e-02 7.142857142857141906e-01 8.487545741425839654e-05
9.523809523809523281e-02 7.142857142857141906e-01 2.156047250193394126e-03
1.428571428571428492e-01 7.142857142857141906e-01 1.092193180866070541e-02
1.904761904761904656e-01 7.142857142857141906e-01 3.236590175546574105e-02
2.380952380952380820e-01 7.142857142857141906e-01 7.097328842443458019e-02
2.857142857142856984e-01 7.142857142857141906e-01 1.269840832985269230e-01
3.333333333333333148e-01 7.142857142857141906e-01 1.948704706010625232e-01
3.809523809523809312e-01 7.142857142857141906e-01 2.638461058271095450e-01
4.285714285714285476e-01 7.142857142857141906e-01 3.204486634671736556e-01
4.761904761904761640e-01 7.142857142857141906e-01 3.524013272770602501e-01
5.238095238095237249e-01 7.142857142857141906e-01 3.524013272770602501e-01
5.714285714285713969e-01 7.142857142857141906e-01 3.204486634671736556e-01
6.190476190476190688e-01 7.142857142857141906e-01 2.638461058271095450e-01
6.666666666666666297e-01 7.142857142857141906e-01 1.948704706010625232e-01
7.142857142857141906e-01 7.142857142857141906e-01 1.269840832985269508e-01
7.619047619047618625e-01 7.142857142857141906e-01 7.097328842443462182e-02
8.095238095238095344e-01 7.142857142857141906e-01 3.236590175546575493e-02
8.571428571428570953e-01 7.142857142857141906e-01 1.092193180866069153e-02
9.047619047619046562e-01 7.142857142857141906e-01 2.156047250193378079e-03
9.523809523809523281e-01 7.142857142857141906e-01 8.487545741424565716e-05
1.000000000000000000e+00 7.142857142857141906e-01 0.000000000000000000e+00
0.000000000000000000e+00 7.619047619047618625e-01 0.000000000000000000e+00
4.761904761904761640e-02 7.619047619047618625e-01 2.334157949201337803e-05
9.523809523809523281e-02 7.619047619047618625e-01 1.155890127926244597e-03
1.428571428571428492e-01 7.619047619047618625e-01 6.035960893896956392e-03
1.904761904761904656e-01 7.619047619047618625e-01 1.801798226414199830e-02
2.380952380952380820e-01 7.619047619047618625e-01 3.961799007613741458e-02
2.857142857142856984e-01 7.619047619047618625e-01 7.097328842443456631e-02
3.333333333333333148e-01 7.619047619047618625e-01 1.089885310254264938e-01
3.809523809523809312e-01 7.619047619047618625e-01 1.476206673530236213e-01
4.285714285714285476e-01 7.619047619047618625e-01 1.793261436475037662e-01
4.761904761904761640e-01 7.619047619047618625e-01 1.972251575517944555e-01
5.238095238095237249e-01 7.619047619047618625e-01 1.972251575517944555e-01
5.714285714285713969e-01 7.619047619047618625e-01 1.793261436475036830e-01
6.190476190476190688e-01 7.619047619047618625e-01 1.476206673530235935e-01
6.666666666666666297e-01 7.619047619047618625e-01 1.089885310254264938e-01
7.142857142857141906e-01 7.619047619047618625e-01 7.097328842443456631e-02
7.619047619047618625e-01 7.619047619047618625e-01 3.961799007613741458e-02
8.095238095238095344e-01 7.619047619047618625e-01 1.801798226414199136e-02
8.571428571428570953e-01 7.619047619047618625e-01 6.035960893896941647e-03
9.047619047619046562e-01 7.619047619047618625e-01 1.155890127926233538e-03
9.523809523809523281e-01 7.619047619047618625e-01 2.334157949200761482e-05
1.000000000000000000e+00 7.619047619047618625e-01 0.000000000000000000e+00
0.000000000000000000e+00 8.095238095238095344e-01 0.000000000000000000e+00
4.761904761904761640e-02 8.095238095238095344e-01 -1.395441604460051495e-05
9.523809523809523281e-02 8.095238095238095344e-01 4.776504923812626975e-04
1.428571428571428492e-01 8.095238095238095344e-01 2.684495406264700984e-03
1.904761904761904656e-01 8.095238095238095344e-01 8.145977610529344520e-03
2.380952380952380820e-01 8.095238095238095344e-01 1.801798226414199483e-02
2.857142857142856984e-01 8.095238095238095344e-01 3.236590175546568554e-02
3.333333333333333148e-01 8.095238095238095344e-01 4.977242813081710765e-02
3.809523809523809312e-01 8.095238095238095344e-01 6.746782344019668087e-02
4.285714285714285476e-01 8.095238095238095344e-01 8.199350381250396225e-02
4.761904761904761640e-01 8.095238095238095344e-01 9.019473178862329188e-02
5.238095238095237249e-01 8.095238095238095344e-01 9.019473178862329188e-02
5.714285714285713969e-01 8.095238095238095344e-01 8.199350381250392061e-02
6.190476190476190688e-01 8.095238095238095344e-01 6.746782344019663924e-02
6.666666666666666297e-01 8.095238095238095344e-01 4.977242813081709377e-02
7.142857142857141906e-01 8.095238095238095344e-01 3.236590175546567166e-02
7.619047619047618625e-01 8.095238095238095344e-01 1.801798226414197748e-02
8.095238095238095344e-01 8.095238095238095344e-01 8.145977610529328908e-03
8.571428571428570953e-01 8.095238095238095344e-01 2.684495406264684938e-03
9.047619047619046562e-01 8.095238095238095344e-01 4.776504923812565175e-04
9.523809523809523281e-01 8.095238095238095344e-01 -1.395441604460207010e-05
1.000000000000000000e+00 8.095238095238095344e-01 0.000000000000000000e+00
0.000000000000000000e+00 8.571428571428570953e-01 0.000000000000000000e+00
4.761904761904761640e-02 8.571428571428570953e-01 -2.799624208340096424e-05
9.523809523809523281e-02 8.571428571428570953e-01 1.150848853141512782e-04
1.428571428571428492e-01 8.571428571428570953e-01 8.432979028421167282e-04
1.904761904761904656e-01 8.571428571428570953e-01 2.684495406264646340e-03
2.380952380952380820e-01 8.571428571428570953e-01 6.035960893896884401e-03
2.857142857142856984e-01 8.571428571428570953e-01 1.092193180866053888e-02
3.333333333333333148e-01 8.571428571428570953e-01 1.685885705512331703e-02
3.809523809523809312e-01 8.571428571428570953e-01 2.289968206221945982e-02
4.285714285714285476e-01 8.571428571428570953e-01 2.786096084414100421e-02
4.761904761904761640e-01 8.571428571428570953e-01 3.066285378586212917e-02
5.238095238095237249e-01 8.571428571428570953e-01 3.066285378586212224e-02
5.714285714285713969e-01 8.571428571428570953e-01 2.786096084414097993e-02
6.190476190476190688e-01 8.571428571428570953e-01 2.289968206221942859e-02
6.666666666666666297e-01 8.571428571428570953e-01 1.685885705512328928e-02
7.142857142857141906e-01 8.571428571428570953e-01 1.092193180866051633e-02
7.619047619047618625e-01 8.571428571428570953e-01 6.035960893896864451e-03
8.095238095238095344e-01 8.571428571428570953e-01 2.684495406264630294e-03
8.571428571428570953e-01 8.571428571428570953e-01 8.432979028421032841e-04
9.047619047619046562e-01 8.571428571428570953e-01 1.150848853141472395e-04
9.523809523809523281e-01 8.571428571428570953e-01 -2.799624208340058138e-05
1.000000000000000000e+00 8.571428571428570953e-01 0.000000000000000000e+00
0.000000000000000000e+00 9.047619047619046562e-01 0.000000000000000000e+00
4.761904761904761640e-02 9.047619047619046562e-01 -2.523579826806881881e-05
9.523809523809523281e-02 9.047619047619046562e-01 -1.566747679148968638e-05
1.428571428571428492e-01 9.047619047619046562e-01 1.150848853141566043e-04
1.904761904761904656e-01 9.047619047619046562e-01 4.776504923812322856e-04
2.380952380952380820e-01 9.047619047619046562e-01 1.155890127926197759e-03
2.857142857142856984e-01 9.047619047619046562e-01 2.156047250193311293e-03
3.333333333333333148e-01 9.047619047619046562e-01 3.378334663511593523e-03
3.809523809523809312e-01 9.047619047619046562e-01 4.625963476761886344e-03
4.285714285714285476e-01 9.047619047619046562e-01 5.652469883844854319e-03
4.761904761904761640e-01 9.047619047619046562e-01 6.232730962237835980e-03
5.238095238095237249e-01 9.047619047619046562e-01 6.232730962237831643e-03
5.714285714285713969e-01 9.047619047619046562e-01 5.652469883844836972e-03
6.190476190476190688e-01 9.047619047619046562e-01 4.625963476761867262e-03
6.666666666666666297e-01 9.047619047619046562e-01 3.378334663511575308e-03
7.142857142857141906e-01 9.047619047619046562e-01 2.156047250193295680e-03
7.619047619047618625e-01 9.047619047619046562e-01 1.155890127926184965e-03
8.095238095238095344e-01 9.047619047619046562e-01 4.776504923812226904e-04
8.571428571428570953e-01 9.047619047619046562e-01 1.150848853141488387e-04
9.047619047619046562e-01 9.047619047619046562e-01 -1.566747679149118732e-05
9.523809523809523281e-01 9.047619047619046562e-01 -2.523579826806801582e-05
1.000000000000000000e+00 9.047619047619046562e-01 0.000000000000000000e+00
0.000000000000000000e+00 9.523809523809523281e-01 0.000000000000000000e+00
4.761904761904761640e-02 9.523809523809523281e-01 -1.382750809179792196e-05
9.523809523809523281e-02 9.523809523809523281e-01 -2.523579826803389734e-05
1.428571428571428492e-01 9.523809523809523281e-01 -2.799624208335248685e-05
1.904761904761904656e-01 9.523809523809523281e-01 -1.395441604456615929e-05
2.380952380952380820e-01 9.523809523809523281e-01 2.334157949204209584e-05
2.857142857142856984e-01 9.523809523809523281e-01 8.487545741426187954e-05
3.333333333333333148e-01 9.523809523809523281e-01 1.639800727255964720e-04
3.809523809523809312e-01 9.523809523809523281e-01 2.468853789039671402e-04
4.285714285714285476e-01 9.523809523809523281e-01 3.160898264927443899e-04
4.761904761904761640e-01 9.523809523809523281e-01 3.554982813249887397e-04
5.238095238095237249e-01 9.523809523809523281e-01 3.554982813249871676e-04
5.714285714285713969e-01 9.523809523809523281e-01 3.160898264927374511e-04
6.190476190476190688e-01 9.523809523809523281e-01 2.468853789039557019e-04
6.666666666666666297e-01 9.523809523809523281e-01 1.639800727255873647e-04
7.142857142857141906e-01 9.523809523809523281e-01 8.487545741425415460e-05
7.619047619047618625e-01 9.523809523809523281e-01 2.334157949203513661e-05
8.095238095238095344e-01 9.523809523809523281e-01 -1.395441604457123641e-05
8.571428571428570953e-01 9.523809523809523281e-01 -2.799624208335581738e-05
9.047619047619046562e-01 9.523809523809523281e-01 -2.523579826803433779e-05
9.523809523809523281e-01 9.523809523809523281e-01 -1.382750809179755773e-05
1.000000000000000000e+00 9.523809523809523281e-01 0.000000000000000000e+00
0.000000000000000000e+00 1.000000000000000000e+00 0.000000000000000000e+00
4.761904761904761640e-02 1.000000000000000000e+00 0.000000000000000000e+00
9.523809523809523281e-02 1.000000000000000000e+00 0.000000000000000000e+00
1.428571428571428492e-01 1.000000000000000000e+00 0.000000000000000000e+00
1.904761904761904656e-01 1.000000000000000000e+00 0.000000000000000000e+00
2.380952380952380820e-01 1.000000000000000000e+00 0.000000000000000000e+00
2.857142857142856984e-01 1.000000000000000000e+00 0.000000000000000000e+00
3.333333333333333148e-01 1.000000000000000000e+00 0.000000000000000000e+00
3.809523809523809312e-01 1.000000000000000000e+00 0.000000000000000000e+00
4.285714285714285476e-01 1.000000000000000000e+00 0.000000000000000000e+00
4.761904761904761640e-01 1.000000000000000000e+00 0.000000000000000000e+00
5.238095238095237249e-01 1.000000000000000000e+00 0.000000000000000000e+00
5.714285714285713969e-01 1.000000000000000000e+00 0.000000000000000000e+00
6.190476190476190688e-01 1.000000000000000000e+00 0.000000000000000000e+00
6.666666666666666297e-01 1.000000000000000000e+00 0.000000000000000000e+00
7.142857142857141906e-01 1.000000000000000000e+00 0.000000000000000000e+00
7.619047619047618625e-01 1.000000000000000000e+00 0.000000000000000000e+00
8.095238095238095344e-01 1.000000000000000000e+00 0.000000000000000000e+00
8.571428571428570953e-01 1.000000000000000000e+00 0.000000000000000000e+00
9.047619047619046562e-01 1.000000000000000000e+00 0.000000000000000000e+00
9.523809523809523281e-01 1.000000000000000000e+00 0.000000000000000000e+00
1.000000000000000000e+00 1.000000000000000000e+00 0.000000000000000000e+00
