UMR-M UMR-ED UMR-EC AMRE-M AMRE-ED AMRE-EC AMRS-M AMRS-ED AMRS-EC AMRT-M AMRT-ED AMRT-EC
3.000000000000000000e+00 1.571531537763774411e+00 1.576781780792640975e+00 3.000000000000000000e+00 1.571531537763774411e+00 1.576781780792640975e+00 3.000000000000000000e+00 1.571531537763774411e+00 1.576781780792640975e+00 3.000000000000000000e+00 1.571531537763774411e+00 1.576781780792640975e+00
4.000000000000000000e+00 9.546343675423911435e-02 9.574166698638378326e-02 5.000000000000000000e+00 1.309520092168137972e-01 1.312309806434161508e-01 4.000000000000000000e+00 8.282129623817823250e-01 8.418113323008781235e-01 4.000000000000000000e+00 8.282129623817823250e-01 8.418113323008781235e-01
5.000000000000000000e+00 1.309520092168137972e-01 1.312309806434161508e-01 7.000000000000000000e+00 1.260079532840077121e-01 1.160827470075977558e-01 5.000000000000000000e+00 1.309520092168137972e-01 1.312309806434161508e-01 5.000000000000000000e+00 1.309520092168137972e-01 1.312309806434161508e-01
6.000000000000000000e+00 7.579321051732110237e-02 7.592240245513669217e-02 9.000000000000000000e+00 2.831980696431299002e-02 2.834995406099613535e-02 6.000000000000000000e+00 1.496357153979277210e-01 1.457335256951695357e-01 6.000000000000000000e+00 1.106479970001114227e-01 1.088393287020882755e-01
7.000000000000000000e+00 5.148629472738428664e-02 5.155940071848569284e-02 1.100000000000000000e+01 2.666125886626705827e-02 2.307970533987808298e-02 7.000000000000000000e+00 1.489701041987545604e-01 1.528672397365295199e-01 7.000000000000000000e+00 1.260079532840077121e-01 1.160827470075977558e-01
8.000000000000000000e+00 3.731172535261783468e-02 3.735712567957541475e-02 1.300000000000000000e+01 3.950978616526747839e-02 3.926521822653501054e-02 8.000000000000000000e+00 1.689978515404989001e-01 1.758549182878345607e-01 8.000000000000000000e+00 8.442798434187462342e-02 8.791798842184261886e-02
9.000000000000000000e+00 2.831980696431299002e-02 2.834995406099613535e-02 1.500000000000000000e+01 4.340527313865098075e-02 4.219944618720713331e-02 9.000000000000000000e+00 1.872753537952862035e-01 1.982522998637775979e-01 9.000000000000000000e+00 2.831980696431299002e-02 2.834995406099613535e-02
1.000000000000000000e+01 2.224519765515521608e-02 2.226624482798566368e-02 1.700000000000000000e+01 7.773235339511649564e-03 7.571249105010913541e-03 1.000000000000000000e+01 1.305806093785095434e-01 1.372007080440425797e-01 1.000000000000000000e+01 5.189508833197863796e-02 5.030379925251746154e-02
1.100000000000000000e+01 1.794386554025420577e-02 1.795914417337393654e-02 1.900000000000000000e+01 1.011487633506542687e-02 9.940511859041063075e-03 1.100000000000000000e+01 7.240208245253032526e-02 7.194703054580101065e-02 1.100000000000000000e+01 7.240208245253032526e-02 7.194703054580101065e-02
1.200000000000000000e+01 1.478444257861346277e-02 1.479588606368897712e-02 2.100000000000000000e+01 7.886963150038341433e-03 7.780659134979653856e-03 1.200000000000000000e+01 7.598514483011338527e-02 7.571409427261532876e-02 1.200000000000000000e+01 5.568107193821060508e-02 5.541246205105261613e-02
1.300000000000000000e+01 1.239440470698872400e-02 1.240319845812192130e-02 2.300000000000000000e+01 2.407242160582570654e-03 2.366683784761877511e-03 1.300000000000000000e+01 7.949112916458435374e-02 7.947347113384659045e-02 1.300000000000000000e+01 3.950978616526747839e-02 3.926521822653501054e-02
1.400000000000000000e+01 1.054206206110439199e-02 1.054896604814976532e-02 2.500000000000000000e+01 9.743633857740264040e-03 9.831937673176319170e-03 1.400000000000000000e+01 8.062928560621247798e-02 8.085189317546853660e-02 1.400000000000000000e+01 4.053927870216877949e-02 4.042064710548228662e-02
1.500000000000000000e+01 9.077021208877123284e-03 9.082541019012322497e-03 2.700000000000000000e+01 4.237391326764147065e-03 4.233922122904269433e-03 1.500000000000000000e+01 8.176600949689573350e-02 8.223048233133808949e-02 1.500000000000000000e+01 4.157859956302469712e-02 4.159156577429381357e-02
1.600000000000000000e+01 7.898134309601302291e-03 7.902616965273653871e-03 2.900000000000000000e+01 1.392933855494453768e-03 1.410681208773256279e-03 1.600000000000000000e+01 8.356687360634085238e-02 8.393158581348177105e-02 1.600000000000000000e+01 4.567140297845843216e-02 4.517105862551704792e-02
1.700000000000000000e+01 6.935305712493934627e-03 6.938995851232427313e-03 3.100000000000000000e+01 1.310734663132532641e-03 1.335176643004096783e-03 1.700000000000000000e+01 8.514182582169969871e-02 8.561858782716089133e-02 1.700000000000000000e+01 4.956602423657518325e-02 4.877363225571730576e-02
1.800000000000000000e+01 6.138696981664077193e-03 6.141771099527544055e-03 3.300000000000000000e+01 1.725281807274585888e-03 1.725740787841262627e-03 1.800000000000000000e+01 6.903458622897971908e-02 6.874687060629837421e-02 1.800000000000000000e+01 3.232666047270888604e-02 3.203838688338178642e-02
1.900000000000000000e+01 5.472076199224129578e-03 5.474664233206403587e-03 3.500000000000000000e+01 2.762698191328702511e-03 2.689167099390570113e-03 1.900000000000000000e+01 5.302315035271650684e-02 5.188181616269670060e-02 1.900000000000000000e+01 1.462677898027372851e-02 1.422804223064520930e-02
2.000000000000000000e+01 4.908585608742711652e-03 4.910784941430041198e-03 3.700000000000000000e+01 3.630545052184476571e-03 3.529846046141430632e-03 2.000000000000000000e+01 5.349867812878355416e-02 5.237114248701422309e-02 2.000000000000000000e+01 1.622864394105869718e-02 1.588522456553456350e-02
2.100000000000000000e+01 4.427971151430116874e-03 4.429855934253093194e-03 3.900000000000000000e+01 4.186800948664760533e-03 4.105417499555995622e-03 2.100000000000000000e+01 5.397810483347072891e-02 5.286072087641688344e-02 2.100000000000000000e+01 1.764426998310680492e-02 1.749227346432427957e-02
2.200000000000000000e+01 4.014723373324565261e-03 4.016350875797135463e-03 4.100000000000000000e+01 4.383979001007843636e-03 4.343341779448804674e-03 2.200000000000000000e+01 3.642312187127955819e-02 3.611462722653939472e-02 2.200000000000000000e+01 1.496728939845702600e-02 1.480596604778526212e-02
2.300000000000000000e+01 3.656802136797521890e-03 3.658217158955234024e-03 4.300000000000000000e+01 4.235906147835640650e-03 4.233786969448298347e-03 2.300000000000000000e+01 1.861094939101488530e-02 1.850837836875381462e-02 2.300000000000000000e+01 1.230725290042943877e-02 1.211457185168819846e-02
2.400000000000000000e+01 3.344744436279284156e-03 3.345982431484522106e-03 4.500000000000000000e+01 3.800901625558175765e-03 3.821773732976239263e-03 2.400000000000000000e+01 1.903181988001297759e-02 1.894182233126081097e-02 2.400000000000000000e+01 1.087112781748649989e-02 1.069111252622813486e-02
2.500000000000000000e+01 3.071029100439767907e-03 3.072118422148159729e-03 4.700000000000000000e+01 3.166615851329800287e-03 3.192708059564115190e-03 2.500000000000000000e+01 1.944019104395065464e-02 1.937467438739404191e-02 2.500000000000000000e+01 9.472491003994960163e-03 9.299593167570360461e-03
2.600000000000000000e+01 2.829617127923585770e-03 2.830580670505988047e-03 4.900000000000000000e+01 2.434594312702307618e-03 2.453378493550330362e-03 2.600000000000000000e+01 1.920079001388375756e-02 1.912665375175563731e-02 2.600000000000000000e+01 9.258587247299493797e-03 9.099305194036023600e-03
2.700000000000000000e+01 2.615614235894687944e-03 2.616470649386056294e-03 5.100000000000000000e+01 1.705577769603962160e-03 1.712547887787035103e-03 2.700000000000000000e+01 1.896170851859295403e-02 1.887859182373444189e-02 2.700000000000000000e+01 9.047998773653713814e-03 8.901399995726436143e-03
2.800000000000000000e+01 2.425019821892192805e-03 2.425784422609751287e-03 5.300000000000000000e+01 1.068143244187306573e-03 1.065983191727230177e-03 2.800000000000000000e+01 1.753481570812804452e-02 1.736536687029803516e-02 2.800000000000000000e+01 6.398135167901197393e-03 6.324151381563111046e-03
2.900000000000000000e+01 2.254537927184429528e-03 2.255223388245096439e-03 5.500000000000000000e+01 5.957947783717650134e-04 5.922368952224147526e-04 2.900000000000000000e+01 1.611360083769728183e-02 1.585337844804374924e-02 2.900000000000000000e+01 3.998410728136799104e-03 3.962989610339699882e-03
3.000000000000000000e+01 2.101433287778421526e-03 2.102050168294384343e-03 5.700000000000000000e+01 3.532663819324340592e-04 3.574184457587176156e-04 3.000000000000000000e+01 1.642298811697443309e-02 1.614352690301362747e-02 3.000000000000000000e+01 4.418192833098043282e-03 4.315439111422698232e-03
3.100000000000000000e+01 1.963420581351355519e-03 1.963977735991386756e-03 5.900000000000000000e+01 3.159947121435078979e-04 3.241586237715351386e-04 3.100000000000000000e+01 1.671539857508904173e-02 1.643288057213992265e-02 3.100000000000000000e+01 4.875276574966545297e-03 4.697249927889090779e-03
3.200000000000000000e+01 1.838578396177539560e-03 1.839083295040188498e-03 6.100000000000000000e+01 3.620292120474646424e-04 3.627535075884663228e-04 3.200000000000000000e+01 1.537606444134215732e-02 1.533258706704444287e-02 3.200000000000000000e+01 5.275803884434210680e-03 5.032134262884045868e-03
3.300000000000000000e+01 1.725281807274585888e-03 1.725740787841262627e-03 6.300000000000000000e+01 4.280168857593744059e-04 4.276939375372190689e-04 3.300000000000000000e+01 1.402581412638315497e-02 1.421335913271493112e-02 3.300000000000000000e+01 5.675603643468100402e-03 5.379409647691661515e-03
3.400000000000000000e+01 1.622149096309565171e-03 1.622567563476198967e-03 6.500000000000000000e+01 4.308187653709699108e-04 4.308760726514766987e-04 3.400000000000000000e+01 1.448303805883037650e-02 1.472251122561183886e-02 3.400000000000000000e+01 5.945080466699591455e-03 5.610156012010988381e-03
3.500000000000000000e+01 1.527999321672648091e-03 1.528381907739816787e-03 6.700000000000000000e+01 5.617683832327374609e-04 5.517378281106444628e-04 3.500000000000000000e+01 1.494001153401390211e-02 1.523135737819234815e-02 3.500000000000000000e+01 6.204731838756537970e-03 5.844116335684088059e-03
3.600000000000000000e+01 1.441818283966083813e-03 1.442168977494294674e-03 6.900000000000000000e+01 5.858685047711091566e-04 5.670569648226873741e-04 3.600000000000000000e+01 1.505798021221560132e-02 1.536190521950285201e-02 3.600000000000000000e+01 5.923008874649789667e-03 5.597091284671962437e-03
3.700000000000000000e+01 1.362731039806525102e-03 1.363053290074549805e-03 7.100000000000000000e+01 6.092148158838158693e-04 5.825873854477491010e-04 3.700000000000000000e+01 1.516612617293936968e-02 1.549148250733313470e-02 3.700000000000000000e+01 5.648693671260147063e-03 5.356453469338685706e-03
3.800000000000000000e+01 1.289979562321629490e-03 1.290276364528503876e-03 7.300000000000000000e+01 7.352692927699655892e-04 7.025158631957643431e-04 3.800000000000000000e+01 1.257637897608098083e-02 1.275857173149785168e-02 3.800000000000000000e+01 6.015084506592199148e-03 5.716488333204157446e-03
3.900000000000000000e+01 1.222904474954282636e-03 1.223178440118097461e-03 7.500000000000000000e+01 8.491701047863088646e-04 8.141890941741295341e-04 3.900000000000000000e+01 9.977120534072654937e-03 9.995260046132518547e-03 3.900000000000000000e+01 6.396118489557262900e-03 6.097322448593858746e-03
4.000000000000000000e+01 1.160930031362871840e-03 1.161183443979347087e-03 7.700000000000000000e+01 9.463959100177561862e-04 9.127788145426512590e-04 4.000000000000000000e+01 1.002200184704432617e-02 1.005929140337430590e-02 4.000000000000000000e+01 6.183558321934123914e-03 5.903971319873402117e-03
4.100000000000000000e+01 1.103551698088064926e-03 1.103786563938938129e-03 7.900000000000000000e+01 1.023924463848511308e-03 9.945333160674783152e-04 4.100000000000000000e+01 1.006892533656778693e-02 1.012333479505619221e-02 4.100000000000000000e+01 5.974580544037075974e-03 5.713596934320248379e-03
4.200000000000000000e+01 1.050325836881306832e-03 1.050543922870026846e-03 8.100000000000000000e+01 1.079932836080119444e-03 1.056711552963750201e-03 4.200000000000000000e+01 1.001304021384042016e-02 1.007007164737851700e-02 4.200000000000000000e+01 5.635773160560288327e-03 5.413691088316527691e-03
4.300000000000000000e+01 1.000861090429186733e-03 1.001063957928160792e-03 8.300000000000000000e+01 1.113623531845447023e-03 1.097569866687731193e-03 4.300000000000000000e+01 9.952736794088867800e-03 1.001620170419729831e-02 4.300000000000000000e+01 5.306916923075721826e-03 5.121054788484655056e-03
4.400000000000000000e+01 9.548111572841800005e-04 9.550001901739942935e-04 8.500000000000000000e+01 1.125097271904300106e-03 1.116345818300662615e-03 4.400000000000000000e+01 9.994453803987597348e-03 1.007789878361453444e-02 4.400000000000000000e+01 5.191828673772960062e-03 5.016536623795636064e-03
4.500000000000000000e+01 9.118687059849886001e-04 9.120451343298394608e-04 8.700000000000000000e+01 1.115241274878422863e-03 1.113217858942133895e-03 4.500000000000000000e+01 1.003739548501667023e-02 1.013959969173005259e-02 4.500000000000000000e+01 5.079480917634241095e-03 4.914223237284211059e-03
4.600000000000000000e+01 8.717602270302526315e-04 8.719251471488636889e-04 8.900000000000000000e+01 1.085620019520766111e-03 1.089234082193598621e-03 4.600000000000000000e+01 1.007968493876609112e-02 1.019668069629094988e-02 4.600000000000000000e+01 5.163589832438792056e-03 4.975465000744193865e-03
4.700000000000000000e+01 8.342416616069945560e-04 8.343960531529280751e-04 9.100000000000000000e+01 1.038363217984347199e-03 1.046210486940293317e-03 4.700000000000000000e+01 1.012230785402987165e-02 1.025375438226341397e-02 4.700000000000000000e+01 5.241030556871022206e-03 5.036413962738650087e-03
4.800000000000000000e+01 7.990946755779362344e-04 7.992394161279594384e-04 9.300000000000000000e+01 9.760495480106398973e-04 9.866032205220268136e-04 4.800000000000000000e+01 1.016280604282754872e-02 1.030416249905514309e-02 4.800000000000000000e+01 4.889570406227791190e-03 4.731155362322224216e-03
4.900000000000000000e+01 7.661234721069212208e-04 7.662593496644498842e-04 9.500000000000000000e+01 9.015868888800550752e-04 9.133616867882546429e-04 4.900000000000000000e+01 1.020302555746578632e-02 1.035455313925490173e-02 4.900000000000000000e+01 4.550264346340189212e-03 4.434405812929321719e-03
5.000000000000000000e+01 7.351520560350460537e-04 7.352797797824548939e-04 9.700000000000000000e+01 8.180912747121278942e-04 8.297707949375362265e-04 5.000000000000000000e+01 1.013946597205314312e-02 1.028891866977855833e-02 5.000000000000000000e+01 4.503977909364975836e-03 4.393398023244050529e-03
5.100000000000000000e+01 7.060218778730971683e-04 7.061420874476641166e-04 9.900000000000000000e+01 7.287678868170158284e-04 7.392912893472455924e-04 5.100000000000000000e+01 1.007594887158355136e-02 1.022328359901660683e-02 5.100000000000000000e+01 4.458469436935450989e-03 4.352997667151004522e-03
5.200000000000000000e+01 6.785897985376046970e-04 6.787030720583181985e-04 1.010000000000000000e+02 6.367983228909411412e-04 6.454072487720893770e-04 5.200000000000000000e+01 9.935209313788481711e-03 1.007622108472098175e-02 5.200000000000000000e+01 3.150991359045353900e-03 3.110247658425136907e-03
5.300000000000000000e+01 6.527263259136409758e-04 6.528331869475081624e-04 1.030000000000000000e+02 5.452392186682783514e-04 5.514897027820239326e-04 5.300000000000000000e+01 9.794602449134747965e-03 9.929162015152892887e-03 5.300000000000000000e+01 1.553393881036066720e-03 1.518265208912161204e-03
5.400000000000000000e+01 6.283140824333334224e-04 6.284150060583477320e-04 1.050000000000000000e+02 4.569381607742989794e-04 4.606851471628182386e-04 5.400000000000000000e+01 9.792511667085796595e-03 9.930762359924679566e-03 5.400000000000000000e+01 1.554591613124308184e-03 1.520115079104874395e-03
5.500000000000000000e+01 6.052464699849952967e-04 6.053418880812465796e-04 1.070000000000000000e+02 3.744737132334881704e-04 3.758377179814755562e-04 5.500000000000000000e+01 9.790426167715349931e-03 9.932362653321697224e-03 5.500000000000000000e+01 1.555784070946479320e-03 1.521963968209249195e-03
5.600000000000000000e+01 5.834265028925648923e-04 5.835168087717075526e-04 1.090000000000000000e+02 3.001264762978548954e-04 2.994531378034282626e-04 5.600000000000000000e+01 9.829264515168356642e-03 9.974151754172060416e-03 5.600000000000000000e+01 1.258895093158256392e-03 1.233378949681238415e-03
5.700000000000000000e+01 5.627657862787351648e-04 5.628513387448057063e-04 1.110000000000000000e+02 2.358828450395787331e-04 2.337058515328930392e-04 5.700000000000000000e+01 9.867312782119061834e-03 1.001591752730714678e-02 5.700000000000000000e+01 9.798001474789416743e-04 9.600989357417762148e-04
5.800000000000000000e+01 5.431836186376333420e-04 5.432647455576262779e-04 1.130000000000000000e+02 1.834444320027338521e-04 1.804549735383820209e-04 5.800000000000000000e+01 9.908551410144237834e-03 1.006412157797545275e-02 5.800000000000000000e+01 1.032648559541363056e-03 1.004863846123377679e-03
5.900000000000000000e+01 5.246062018134681161e-04 5.246832032641499414e-04 1.150000000000000000e+02 1.441169555722359905e-04 1.411079216291717859e-04 5.900000000000000000e+01 9.949781399059760487e-03 1.011232985297812019e-02 5.900000000000000000e+01 1.088755419020492193e-03 1.051769460019290380e-03
6.000000000000000000e+01 5.069659444045009544e-04 5.070390954520357426e-04 1.170000000000000000e+02 1.182849574629592394e-04 1.159635657030511356e-04 6.000000000000000000e+01 9.983394845328676451e-03 1.014438350430038431e-02 6.000000000000000000e+01 1.144754914771863941e-03 1.098322195055223809e-03
6.100000000000000000e+01 4.902008454351477681e-04 4.902703985956418514e-04 1.190000000000000000e+02 1.044463774195366457e-04 1.030789229879969227e-04 6.100000000000000000e+01 1.001601015566340284e-02 1.017641137264118679e-02 6.100000000000000000e+01 1.202092108852089326e-03 1.146365410889486815e-03
6.200000000000000000e+01 4.742539485998934607e-04 4.743201360220943301e-04 1.210000000000000000e+02 9.910336025911076782e-05 9.836806248818895739e-05 6.200000000000000000e+01 9.793782297664678504e-03 9.943344388161868760e-03 6.200000000000000000e+01 1.255686645298414311e-03 1.191339110355437922e-03
6.300000000000000000e+01 4.590728574723595946e-04 4.591358928777665156e-04 1.230000000000000000e+02 1.090510661281019600e-04 1.069142438488696853e-04 6.300000000000000000e+01 9.571810222148230407e-03 9.710265645430959588e-03 6.300000000000000000e+01 1.309498355335173480e-03 1.237271577406290389e-03
6.400000000000000000e+01 4.446093042205124949e-04 4.446693846312318879e-04 1.250000000000000000e+02 1.208006035889399465e-04 1.181357698438870906e-04 6.400000000000000000e+01 9.600186203811577126e-03 9.731417207555079912e-03 6.400000000000000000e+01 1.198644367625623314e-03 1.142755346498833821e-03
6.500000000000000000e+01 4.308187653709699108e-04 4.308760726514766987e-04 1.270000000000000000e+02 1.318167946840324595e-04 1.290741457487649361e-04 6.500000000000000000e+01 9.627431784099728385e-03 9.752544917835333921e-03 6.500000000000000000e+01 1.078822414322035779e-03 1.036598969865262006e-03
6.600000000000000000e+01 4.176601184747528854e-04 4.177148207100866615e-04 1.290000000000000000e+02 1.398942670621399257e-04 1.372304557266077222e-04 6.600000000000000000e+01 9.693002623908536855e-03 9.826375007394173855e-03 6.600000000000000000e+01 1.126902233154376820e-03 1.080483452673883758e-03
6.700000000000000000e+01 4.050953349328574463e-04 4.051475876627910581e-04 1.310000000000000000e+02 1.432110318386908040e-04 1.406385204911073312e-04 6.700000000000000000e+01 9.758572170446982996e-03 9.900220682481595050e-03 6.700000000000000000e+01 1.174504704695590335e-03 1.124771561336703786e-03
6.800000000000000000e+01 3.930892049876395507e-04 3.931391523138044503e-04 1.330000000000000000e+02 1.403931755381996130e-04 1.378783524174060455e-04 6.800000000000000000e+01 9.780691133861060468e-03 9.910273040052436019e-03 6.800000000000000000e+01 1.212585019806033731e-03 1.163337328737199536e-03
6.900000000000000000e+01 3.816090902751921999e-04 3.816568658558184331e-04 1.350000000000000000e+02 1.434296372330282922e-04 1.397836867962081884e-04 6.900000000000000000e+01 9.801660106023395158e-03 9.920306711071868316e-03 6.900000000000000000e+01 1.251166560036595828e-03 1.202637775338084641e-03
7.000000000000000000e+01 3.706247021634851324e-04 3.706704301087131582e-04 1.370000000000000000e+02 1.464161312335610619e-04 1.417073678132277413e-04 7.000000000000000000e+01 9.502477601681389233e-03 9.610914660493253756e-03 7.000000000000000000e+01 1.291310846695054070e-03 1.240609375176148117e-03
7.100000000000000000e+01 3.601079013254875256e-04 3.601516970043536084e-04 1.390000000000000000e+02 1.493557678761791413e-04 1.436442620045533703e-04 7.100000000000000000e+01 9.203697008469405999e-03 9.301431561337353965e-03 7.100000000000000000e+01 1.330673654526279845e-03 1.278646735259086290e-03
7.200000000000000000e+01 3.500325171220716844e-04 3.500744878910084872e-04 1.410000000000000000e+02 1.522508818378357322e-04 1.455892043289647771e-04 7.200000000000000000e+01 8.989921101725547800e-03 9.091557909510153065e-03 7.200000000000000000e+01 1.360206921660232814e-03 1.307259077750849881e-03
7.300000000000000000e+01 3.403741849911477843e-04 3.404144308526676544e-04 1.430000000000000000e+02 1.682900999777211734e-04 1.607410860692814200e-04 7.300000000000000000e+01 8.775843017309079702e-03 8.881368998891945449e-03 7.300000000000000000e+01 1.388995154013221087e-03 1.335837622770187508e-03
7.400000000000000000e+01 3.311101985400393549e-04 3.311488127390554937e-04 1.450000000000000000e+02 1.837478193382528985e-04 1.755519787310525024e-04 7.400000000000000000e+01 8.788289073787782651e-03 8.880305688343335252e-03 7.400000000000000000e+01 1.353653296254124765e-03 1.302254352898379224e-03
7.500000000000000000e+01 3.222193761623154884e-04 3.222564457268262020e-04 1.470000000000000000e+02 1.984388262092610000e-04 1.898427497010097035e-04 7.500000000000000000e+01 8.799793965413646793e-03 8.879228521912160485e-03 7.500000000000000000e+01 1.318521388854752233e-03 1.268833577630995579e-03
7.600000000000000000e+01 3.136819396311714349e-04 3.137175458631188984e-04 1.490000000000000000e+02 2.122097738707899464e-04 2.034542011873077469e-04 7.600000000000000000e+01 8.794125996797694592e-03 8.887226105497667700e-03 7.600000000000000000e+01 1.279198332609268957e-03 1.231786666785950361e-03
7.700000000000000000e+01 3.054794041209791871e-04 3.055136230424957832e-04 1.510000000000000000e+02 2.249337479749198446e-04 2.162447826135101151e-04 7.700000000000000000e+01 8.789144289392137460e-03 8.895223991945044179e-03 7.700000000000000000e+01 1.240177569905461224e-03 1.194968003570401815e-03
7.800000000000000000e+01 2.975944778906271736e-04 2.976273806502147058e-04 1.530000000000000000e+02 2.365066740593305030e-04 2.280894151135309832e-04 7.800000000000000000e+01 8.784956380196776854e-03 8.903147977635639254e-03 7.800000000000000000e+01 1.210915597192037700e-03 1.167319255449700234e-03
7.900000000000000000e+01 2.900109710356207232e-04 2.900426242783337924e-04 1.550000000000000000e+02 2.468448239665925166e-04 2.388789391111864244e-04 7.900000000000000000e+01 8.781328420692331369e-03 8.911072223457555327e-03 7.900000000000000000e+01 1.181913256929329739e-03 1.139885374375410433e-03
8.000000000000000000e+01 2.827137123639195094e-04 2.827441785691616025e-04 1.570000000000000000e+02 2.558829888136603201e-04 2.485198911085764110e-04 8.000000000000000000e+01 8.778525256120515985e-03 8.918849208346176644e-03 8.000000000000000000e+01 1.140340522439811351e-03 1.101111097268206614e-03
8.100000000000000000e+01 2.756884735384892439e-04 2.757178113286258949e-04 1.590000000000000000e+02 2.635730619282691182e-04 2.569344309732885813e-04 8.100000000000000000e+01 8.776169250336951153e-03 8.926626379448991330e-03 8.100000000000000000e+01 1.099262983440723110e-03 1.062712058807980132e-03
8.200000000000000000e+01 2.689218992730389376e-04 2.689501636956231423e-04 1.610000000000000000e+02 2.698828734821718351e-04 2.640603067051375675e-04 8.200000000000000000e+01 8.774661263342550463e-03 8.934184627512265636e-03 8.200000000000000000e+01 1.076594384613765694e-03 1.041314408325004449e-03
8.300000000000000000e+01 2.624014440569231738e-04 2.624286868431440888e-04 1.630000000000000000e+02 2.747951788961931481e-04 2.698507869348125876e-04 8.300000000000000000e+01 8.773499869551544192e-03 8.941742967159166042e-03 8.300000000000000000e+01 1.054218002095797923e-03 1.020159619577133822e-03
8.400000000000000000e+01 2.561153140725164310e-04 2.561415838741211838e-04 1.650000000000000000e+02 2.783067373288693755e-04 2.742745162032823457e-04 8.400000000000000000e+01 8.773203489687979653e-03 8.949013240572468650e-03 8.400000000000000000e+01 1.037103231898776380e-03 1.003973644655023608e-03
8.500000000000000000e+01 2.500524136864870411e-04 2.500777562931769810e-04 1.670000000000000000e+02 2.804274396417323384e-04 2.773152665771093286e-04 8.500000000000000000e+01 8.773164209925764234e-03 8.956283500396509598e-03 8.500000000000000000e+01 1.020220866925431683e-03 9.879754934243355560e-04
8.600000000000000000e+01 2.442022957680935603e-04 2.442267543071576993e-04 1.690000000000000000e+02 2.811794585666349132e-04 2.789715699663787639e-04 8.600000000000000000e+01 8.774002033172249165e-03 8.963199854482111623e-03 8.600000000000000000e+01 9.789467637968186139e-04 9.496812292386810602e-04
8.700000000000000000e+01 2.385551182138438470e-04 2.385787333338817431e-04 1.710000000000000000e+02 2.805964035905564639e-04 2.792562247411154992e-04 8.700000000000000000e+01 8.775017504423658632e-03 8.970116088536624413e-03 8.700000000000000000e+01 9.385314188682784310e-04 9.120421417040662938e-04
8.800000000000000000e+01 2.331016008085282976e-04 2.331244108483932018e-04 1.730000000000000000e+02 2.787224694132722693e-04 2.781956762046909441e-04 8.800000000000000000e+01 8.776918393481608280e-03 8.976616618863484526e-03 8.800000000000000000e+01 9.527450246923294119e-04 9.255675169927889351e-04
8.900000000000000000e+01 2.278329881372071191e-04 2.278550292817618902e-04 1.750000000000000000e+02 2.756115705994799793e-04 2.758292745197653230e-04 8.900000000000000000e+01 8.778926592359778680e-03 8.983116929545903115e-03 8.900000000000000000e+01 9.666310067628758719e-04 9.391314504962929976e-04
9.000000000000000000e+01 2.227410139994330019e-04 2.227623204231525761e-04 1.770000000000000000e+02 2.713264597406298538e-04 2.722084190621764732e-04 9.000000000000000000e+01 8.781825715086686093e-03 8.989144460884463533e-03 9.000000000000000000e+01 9.547730742100162937e-04 9.278776663593662523e-04
9.100000000000000000e+01 2.178178691975236132e-04 2.178384731970721671e-04 1.790000000000000000e+02 2.659378270707613771e-04 2.673955986372241259e-04 9.100000000000000000e+01 8.784770086629882860e-03 8.995171686385900964e-03 9.100000000000000000e+01 9.430814113450478866e-04 9.167573502461891797e-04
9.200000000000000000e+01 2.130561709806587096e-04 2.130761030973244102e-04 1.810000000000000000e+02 2.595233833912605811e-04 2.614633417982427854e-04 9.200000000000000000e+01 8.785048088169078104e-03 8.983427252336747409e-03 9.200000000000000000e+01 9.012710736701204980e-04 8.781262254431862696e-04
9.300000000000000000e+01 2.084489364308890697e-04 2.084682255639019584e-04 1.830000000000000000e+02 2.521669278810872430e-04 2.544930908004997732e-04 9.300000000000000000e+01 8.784843874016038875e-03 8.971675271617051903e-03 9.300000000000000000e+01 8.604091104623278917e-04 8.402136552028521789e-04
9.400000000000000000e+01 2.039895556370628236e-04 2.040082291483643619e-04 1.850000000000000000e+02 2.439574053746221846e-04 2.465740160727276768e-04 9.400000000000000000e+01 8.773100640656358515e-03 8.961158175610217658e-03 9.400000000000000000e+01 8.536109593694141866e-04 8.336336013894705228e-04
9.500000000000000000e+01 1.996717686276358833e-04 1.996898524389874991e-04 1.870000000000000000e+02 2.349879578762512230e-04 2.378017878317928002e-04 9.500000000000000000e+01 8.761363608405018516e-03 8.950641260609548330e-03 9.500000000000000000e+01 8.469240585082144250e-04 8.271380069291548896e-04
9.600000000000000000e+01 1.954896435141056888e-04 1.955071621971271861e-04 1.890000000000000000e+02 2.253549760333095782e-04 2.282773218901510727e-04 9.600000000000000000e+01 8.754244821627803555e-03 8.944836089788894481e-03 9.600000000000000000e+01 8.069187361846104529e-04 7.903285505532943326e-04
9.700000000000000000e+01 1.914375557990096301e-04 1.914545326586932763e-04 1.910000000000000000e+02 2.151571583236982544e-04 2.181055184267208908e-04 9.700000000000000000e+01 8.747129700620368334e-03 8.939030991870110937e-03 9.700000000000000000e+01 7.680541391819267283e-04 7.543468950737459468e-04
9.800000000000000000e+01 1.875101690949506597e-04 1.875266262471783889e-04 1.930000000000000000e+02 2.044945851384309243e-04 2.073940107228854567e-04 9.800000000000000000e+01 8.730133640291577735e-03 8.923413451450035172e-03 9.800000000000000000e+01 7.689850310471928359e-04 7.553793095871214882e-04
9.900000000000000000e+01 1.837024184167523064e-04 1.837183768604068186e-04 1.950000000000000000e+02 1.934678170483567698e-04 1.962519424677446772e-04 9.900000000000000000e+01 8.713147919809413611e-03 8.907796285391291272e-03 9.900000000000000000e+01 7.696606705312112034e-04 7.563010793034225746e-04
1.000000000000000000e+02 1.800094931468548853e-04 1.800249728308235303e-04 1.970000000000000000e+02 1.821770260681924731e-04 1.847887903382755038e-04 1.000000000000000000e+02 8.710082759763711213e-03 8.906169824804917312e-03 1.000000000000000000e+02 7.664120429404083432e-04 7.530901970329435509e-04
1.010000000000000000e+02 1.764268223649163251e-04 1.764418422504965061e-04 1.990000000000000000e+02 1.707211710228157897e-04 1.731132502891006913e-04 1.010000000000000000e+02 8.707019500809492704e-03 8.904543372762958528e-03 1.010000000000000000e+02 7.632095377332227945e-04 7.499118699363917185e-04
1.020000000000000000e+02 1.729500600540834264e-04 1.729646381730510585e-04 2.010000000000000000e+02 1.591972273228087979e-04 1.613322036093509299e-04 1.020000000000000000e+02 8.710558324330611168e-03 8.910042895231019486e-03 1.020000000000000000e+02 8.076321330633249749e-04 7.945356621623710178e-04
1.030000000000000000e+02 1.695750721951641148e-04 1.695892257039191694e-04 2.030000000000000000e+02 1.476994837082553583e-04 1.495497804904070190e-04 1.030000000000000000e+02 8.714097685436269017e-03 8.915542044174820310e-03 1.030000000000000000e+02 8.562124058710806349e-04 8.434814625268023235e-04
1.040000000000000000e+02 1.662979248362094972e-04 1.663116700663064100e-04 2.050000000000000000e+02 1.363189186329668873e-04 1.378665377402320605e-04 1.040000000000000000e+02 8.691612072975949538e-03 8.894574873554692701e-03 1.040000000000000000e+02 8.547822324512889059e-04 8.423395842802274989e-04
1.050000000000000000e+02 1.631148721008613724e-04 1.631282246061290929e-04 2.070000000000000000e+02 1.251426699694710573e-04 1.263787675605952850e-04 1.050000000000000000e+02 8.669142083511114164e-03 8.873608271872645767e-03 1.050000000000000000e+02 8.533555405562541409e-04 8.411994628412173321e-04
1.060000000000000000e+02 1.600223459337363349e-04 1.600353205343229288e-04 2.090000000000000000e+02 1.142536129675412050e-04 1.151779550146354869e-04 1.060000000000000000e+02 8.669590913637167245e-03 8.875540563148138704e-03 1.060000000000000000e+02 8.113571590601907635e-04 8.024502636495753870e-04
1.070000000000000000e+02 1.570169452080249161e-04 1.570295560314897488e-04 2.110000000000000000e+02 1.037300612025516644e-04 1.043504009531365798e-04 1.070000000000000000e+02 8.670040348771678590e-03 8.877472862175380536e-03 1.070000000000000000e+02 7.699058656613407686e-04 7.639806579768009063e-04
1.080000000000000000e+02 1.540954278441802308e-04 1.541076883640388998e-04 2.130000000000000000e+02 9.364560292271507903e-05 9.397702416804801359e-05 1.080000000000000000e+02 8.674616317144398861e-03 8.882399632764525696e-03 1.080000000000000000e+02 7.710886047836503117e-04 7.653914034013626928e-04
1.090000000000000000e+02 1.512547007266849819e-04 1.512666237983752572e-04 2.150000000000000000e+02 8.406907912756067535e-05 8.413334913634050048e-05 1.090000000000000000e+02 8.679141664594363509e-03 8.887325982581420480e-03 1.090000000000000000e+02 7.722725152666358450e-04 7.668044746083399867e-04
1.100000000000000000e+02 1.484918120189304474e-04 1.485034099135279506e-04 2.170000000000000000e+02 7.506469296945557921e-05 7.488966554727708759e-05 1.100000000000000000e+02 8.682444765794690780e-03 8.892164432543800401e-03 1.100000000000000000e+02 7.659501426533358096e-04 7.598350111118401182e-04
1.110000000000000000e+02 1.458039436224187690e-04 1.458152280582366417e-04 2.190000000000000000e+02 6.669220242900436319e-05 6.631129934207907414e-05 1.110000000000000000e+02 8.685747687919279439e-03 8.897002947466927172e-03 1.110000000000000000e+02 7.592369428124456747e-04 7.526396177014877667e-04
1.120000000000000000e+02 1.431884037552653987e-04 1.431993859274611808e-04 2.210000000000000000e+02 5.900707281937888986e-05 5.845884009142422283e-05 1.120000000000000000e+02 8.657581101557017267e-03 8.870622277517345791e-03 1.120000000000000000e+02 7.681383442219398214e-04 7.596330527440943664e-04
1.130000000000000000e+02 1.406426201639388517e-04 1.406533107722839342e-04 2.230000000000000000e+02 5.206032554076680808e-05 5.138798928767317154e-05 1.130000000000000000e+02 8.629437389153239366e-03 8.844242220278134697e-03 1.130000000000000000e+02 7.770525699105713989e-04 7.666502064684802388e-04
1.140000000000000000e+02 1.381641344279569935e-04 1.381745437029480834e-04 2.250000000000000000e+02 4.589759099608036640e-05 4.514839688168621572e-05 1.140000000000000000e+02 8.634973890674338751e-03 8.848556781938743399e-03 1.140000000000000000e+02 7.859005821146351073e-04 7.736170065292929379e-04
1.150000000000000000e+02 1.357505946959169344e-04 1.357607324232000393e-04 2.270000000000000000e+02 4.055658319925740349e-05 3.978047892952941235e-05 1.150000000000000000e+02 8.640416150814182045e-03 8.852870896998880218e-03 1.150000000000000000e+02 7.947351047181243355e-04 7.806055842980963140e-04
1.160000000000000000e+02 1.333997516809439171e-04 1.334096272243798795e-04 2.290000000000000000e+02 3.606205202021408576e-05 3.530903679417293669e-05 1.160000000000000000e+02 8.295874798594721558e-03 8.492902875340980345e-03 1.160000000000000000e+02 8.034169864613317216e-04 7.874693997121892967e-04
1.170000000000000000e+02 1.311094525098748615e-04 1.311190748331589188e-04 2.310000000000000000e+02 3.241773435259503447e-05 3.173324250721135657e-05 1.170000000000000000e+02 7.951494503861813307e-03 8.132602406128060929e-03 1.170000000000000000e+02 8.120649473862172557e-04 7.943526584695397583e-04
1.180000000000000000e+02 1.288776355356514283e-04 1.288870132226322459e-04 2.330000000000000000e+02 2.959660826391568211e-05 2.901510754728152473e-05 1.180000000000000000e+02 7.957083740389513798e-03 8.139616679341104763e-03 1.180000000000000000e+02 8.204821315221021106e-04 8.010382290592768734e-04
1.190000000000000000e+02 1.267023263976257725e-04 1.267114676714785565e-04 2.350000000000000000e+02 2.753372539239536376e-05 2.707238003763294589e-05 1.190000000000000000e+02 7.962672423725078094e-03 8.146631239075625280e-03 1.190000000000000000e+02 8.288499898609532875e-04 8.077406863195586272e-04
1.200000000000000000e+02 1.245816334665542145e-04 1.245905462078225677e-04 2.370000000000000000e+02 2.612764561599861576e-05 2.578315039194954177e-05 1.200000000000000000e+02 7.969107471523675587e-03 8.150280318684869491e-03 1.200000000000000000e+02 8.369171243077720397e-04 8.141750062133191286e-04
1.210000000000000000e+02 1.225137434919550789e-04 1.225224352555326151e-04 2.390000000000000000e+02 2.525352115978853930e-05 2.500415529513844623e-05 1.210000000000000000e+02 7.975411514658779094e-03 8.153928930105740214e-03 1.210000000000000000e+02 8.449237725782350302e-04 8.206235801890092831e-04
1.220000000000000000e+02 1.204969178277323069e-04 1.205053958588764935e-04 2.410000000000000000e+02 2.478387545338292305e-05 2.459582190825080678e-05 1.220000000000000000e+02 7.941808205909681520e-03 8.122534428433272197e-03 1.220000000000000000e+02 8.485096698902239165e-04 8.243758020893156681e-04
1.230000000000000000e+02 1.185294887179669774e-04 1.185377599673979518e-04 2.430000000000000000e+02 2.593173074269251822e-05 2.553520856255415123e-05 1.230000000000000000e+02 7.908236976214441660e-03 8.091142228405222639e-03 1.230000000000000000e+02 8.521038041654575282e-04 8.281399980384895063e-04
1.240000000000000000e+02 1.166098563281572632e-04 1.166179274663372222e-04 2.450000000000000000e+02 2.727420755755077036e-05 2.673719073328610714e-05 1.240000000000000000e+02 7.915339910329740811e-03 8.094119365986085501e-03 1.240000000000000000e+02 8.597815080157541383e-04 8.342872281639003877e-04
1.250000000000000000e+02 1.147364846897395096e-04 1.147443621202978703e-04 2.470000000000000000e+02 2.872817325010923234e-05 2.810541764758651403e-05 1.250000000000000000e+02 7.922285202653185296e-03 8.097096047831662050e-03 1.250000000000000000e+02 8.673895210978775075e-04 8.404455236092979497e-04
1.260000000000000000e+02 1.129078990762489784e-04 1.129155889486918297e-04 2.490000000000000000e+02 3.021176727403824589e-05 2.954365692549588195e-05 1.260000000000000000e+02 7.929504602745243019e-03 8.105692721499345790e-03 1.260000000000000000e+02 8.275156734821082112e-04 8.037755385759264319e-04
1.270000000000000000e+02 1.111226833300843410e-04 1.111301915518190993e-04 2.510000000000000000e+02 3.164755192186778399e-05 3.096149680069688469e-05 1.270000000000000000e+02 7.936723386399779923e-03 8.114289850945448010e-03 1.270000000000000000e+02 7.878105128954574496e-04 7.670877564600308554e-04
1.280000000000000000e+02 1.093794764052797387e-04 1.093868086529344356e-04 nan nan nan 1.280000000000000000e+02 7.927122997227503687e-03 8.092537558778145623e-03 1.280000000000000000e+02 7.949313208087154447e-04 7.727692100222717910e-04
1.290000000000000000e+02 1.076769707055654250e-04 1.076841324357554716e-04 nan nan nan 1.290000000000000000e+02 7.917229128111285055e-03 8.070779871990833854e-03 1.290000000000000000e+02 8.019826562669709084e-04 7.784613258681457671e-04
1.300000000000000000e+02 1.060139088643440714e-04 1.060209053238091018e-04 nan nan nan 1.300000000000000000e+02 5.163589101480392345e-03 5.283600678556277415e-03 1.300000000000000000e+02 8.085669332974879412e-04 7.837007026524570735e-04
1.310000000000000000e+02 1.043890816367939702e-04 1.043959178720067592e-04 nan nan nan 1.310000000000000000e+02 2.354706180736386607e-03 2.381779607962862880e-03 1.310000000000000000e+02 8.150790963316871139e-04 7.889481730875059530e-04
1.320000000000000000e+02 1.028013258021381101e-04 1.028080066684105838e-04 nan nan nan 1.320000000000000000e+02 2.357835408457923700e-03 2.384099398880198169e-03 1.320000000000000000e+02 8.210843433095414137e-04 7.936905437162287231e-04
1.330000000000000000e+02 1.012495222746622717e-04 1.012560524447846068e-04 nan nan nan 1.330000000000000000e+02 2.360899118338794130e-03 2.386417706266531855e-03 1.330000000000000000e+02 8.270168495341158766e-04 7.984387254965268424e-04
1.340000000000000000e+02 9.973259362708791547e-05 9.973897759948442297e-05 nan nan nan 1.340000000000000000e+02 2.369602481051245445e-03 2.396208934101833141e-03 1.340000000000000000e+02 5.953533479969513138e-04 5.760363630427228765e-04
1.350000000000000000e+02 9.824950284483738425e-05 9.825574495133877534e-05 nan nan nan 1.350000000000000000e+02 2.378305599435479381e-03 2.406000583006529490e-03 1.350000000000000000e+02 3.480680243384744210e-04 3.301708792604265844e-04
1.360000000000000000e+02 9.679925013739874233e-05 9.680535455052575794e-05 nan nan nan 1.360000000000000000e+02 2.343073790713441108e-03 2.369146461840880569e-03 1.360000000000000000e+02 3.526967896212622553e-04 3.344234103426120823e-04
1.370000000000000000e+02 9.538087384271296367e-05 9.538684458274844903e-05 nan nan nan 1.370000000000000000e+02 2.307861842270273519e-03 2.332281464797329382e-03 1.370000000000000000e+02 3.572799738376309297e-04 3.386837128583546444e-04
1.380000000000000000e+02 9.399344634083952514e-05 9.399928728238886940e-05 nan nan nan 1.380000000000000000e+02 2.310606430092698640e-03 2.333892161749585685e-03 1.380000000000000000e+02 3.629100039329618459e-04 3.444185401616621251e-04
1.390000000000000000e+02 9.263607369231499850e-05 9.264178857060627087e-05 nan nan nan 1.390000000000000000e+02 2.313284655198299348e-03 2.335501526977797147e-03 1.390000000000000000e+02 3.685759588242333898e-04 3.502068509584779863e-04
1.400000000000000000e+02 9.130789410506163399e-05 9.131348652192532471e-05 nan nan nan 1.400000000000000000e+02 2.315625494601141702e-03 2.336406832202514872e-03 1.400000000000000000e+02 3.726136211564842044e-04 3.539684950306920801e-04
1.410000000000000000e+02 9.000807648420428779e-05 9.001354991375138325e-05 nan nan nan 1.410000000000000000e+02 2.317900243470370943e-03 2.337311004332628776e-03 1.410000000000000000e+02 3.766031123712005463e-04 3.577319698265416870e-04
1.420000000000000000e+02 8.873581856239647775e-05 8.874117635638207647e-05 nan nan nan 1.420000000000000000e+02 2.278293964554221895e-03 2.296340541744924107e-03 1.420000000000000000e+02 3.799552762309243276e-04 3.608722478842718486e-04
1.430000000000000000e+02 8.749034678224216794e-05 8.749559217523341151e-05 nan nan nan 1.430000000000000000e+02 2.238712693660326568e-03 2.255354698444836468e-03 1.430000000000000000e+02 3.832616979875346072e-04 3.640117993388850893e-04
1.440000000000000000e+02 8.627091487671976404e-05 8.627605099099854512e-05 nan nan nan 1.440000000000000000e+02 2.240637520082433901e-03 2.255545865211820451e-03 1.440000000000000000e+02 3.787216175292332557e-04 3.597881081018219733e-04
1.450000000000000000e+02 8.507680149767345710e-05 8.508183134782839512e-05 nan nan nan 1.450000000000000000e+02 2.242497770376709020e-03 2.255736075139009537e-03 1.450000000000000000e+02 3.741971886489811432e-04 3.555764691218061516e-04
1.460000000000000000e+02 8.390731052407010223e-05 8.391223702144875183e-05 nan nan nan 1.460000000000000000e+02 2.244031392754784054e-03 2.255236755665578161e-03 1.460000000000000000e+02 3.699932236383809189e-04 3.516652615516373107e-04
1.470000000000000000e+02 8.276177015611425956e-05 8.276659611306964588e-05 nan nan nan 1.470000000000000000e+02 2.245501996405954714e-03 2.254736678454463423e-03 1.470000000000000000e+02 3.658047845421372114e-04 3.477663975415799000e-04
1.480000000000000000e+02 8.163952994229895551e-05 8.164425807611967159e-05 nan nan nan 1.480000000000000000e+02 2.215086685561293289e-03 2.224193652923080362e-03 1.480000000000000000e+02 3.610534241868720027e-04 3.433733629577397171e-04
1.490000000000000000e+02 8.053996309318160339e-05 8.054459603002215142e-05 nan nan nan 1.490000000000000000e+02 2.184671355825419919e-03 2.193625786704968359e-03 1.490000000000000000e+02 3.563224320573944812e-04 3.389958785043852073e-04
1.500000000000000000e+02 7.946246237130677524e-05 7.946700264975124425e-05 nan nan nan 1.500000000000000000e+02 2.183974861608111665e-03 2.194630926256925692e-03 1.500000000000000000e+02 3.525084966049183408e-04 3.354532664931838453e-04
1.510000000000000000e+02 7.840644133495948474e-05 7.841089140953703550e-05 nan nan nan 1.510000000000000000e+02 2.183322486752162141e-03 2.195636083647394075e-03 1.510000000000000000e+02 3.487112003063407169e-04 3.319241841657214528e-04
1.520000000000000000e+02 7.737133291530235595e-05 7.737569515980597735e-05 nan nan nan 1.520000000000000000e+02 2.182717697394053781e-03 2.196638922362929847e-03 1.520000000000000000e+02 3.437891123307184552e-04 3.273965247571144783e-04
1.530000000000000000e+02 7.635658850325116175e-05 7.636086521389626343e-05 nan nan nan 1.530000000000000000e+02 2.182152915003473300e-03 2.197641778216991026e-03 1.530000000000000000e+02 3.388929759324993450e-04 3.228885151993576385e-04
1.540000000000000000e+02 7.536167743345203887e-05 7.536587083190297452e-05 nan nan nan 1.540000000000000000e+02 2.181636901627262686e-03 2.198639985548330508e-03 1.540000000000000000e+02 3.354850762963634912e-04 3.197251154588922088e-04
1.550000000000000000e+02 7.438608600298175679e-05 7.439019823922594921e-05 nan nan nan 1.550000000000000000e+02 2.181157006903162478e-03 2.199638208667409160e-03 1.550000000000000000e+02 3.320946588770541078e-04 3.165760512533724222e-04
1.560000000000000000e+02 7.342931793031479701e-05 7.343335108546929029e-05 nan nan nan 1.560000000000000000e+02 2.180726915256912379e-03 2.200629466790574897e-03 1.560000000000000000e+02 3.270451471918492956e-04 3.119508511929019903e-04
1.570000000000000000e+02 7.249089077985559101e-05 7.249484686868851180e-05 nan nan nan 1.570000000000000000e+02 2.180329266935702656e-03 2.201620738825467872e-03 1.570000000000000000e+02 3.220280255767223542e-04 3.073499636663483804e-04
1.580000000000000000e+02 7.157033966124871980e-05 7.157422063482112560e-05 nan nan nan 1.580000000000000000e+02 2.179982321104223519e-03 2.202602749579459819e-03 1.580000000000000000e+02 3.190343302865982509e-04 3.045692994548016442e-04
1.590000000000000000e+02 7.066721317611726779e-05 7.067102092412293657e-05 nan nan nan 1.590000000000000000e+02 2.179664345808123450e-03 2.203584771953892921e-03 1.590000000000000000e+02 3.160585578291614725e-04 3.018033159032060568e-04
1.600000000000000000e+02 6.978107449735624279e-05 6.978481085044557905e-05 nan nan nan 1.600000000000000000e+02 2.179397851305082869e-03 2.204555263514304964e-03 1.600000000000000000e+02 2.976046357111800187e-04 2.855233354257116578e-04
1.610000000000000000e+02 6.891149974528430343e-05 6.891516647722947635e-05 nan nan nan 1.610000000000000000e+02 2.179157047185607560e-03 2.205525764011124611e-03 1.610000000000000000e+02 2.785919250782314819e-04 2.685214997274048827e-04
1.620000000000000000e+02 6.805807901008031620e-05 6.806167783992689952e-05 nan nan nan 1.620000000000000000e+02 2.178968393672778715e-03 2.206482497491129950e-03 1.620000000000000000e+02 2.733926998578632456e-04 2.636665073249362039e-04
1.630000000000000000e+02 6.722041470078091413e-05 6.722394729484662643e-05 nan nan nan 1.630000000000000000e+02 2.178802333739004830e-03 2.207439236944197612e-03 1.630000000000000000e+02 2.682294022802890325e-04 2.588384800353061058e-04
1.640000000000000000e+02 6.639812119358996410e-05 6.640158916738361176e-05 nan nan nan 1.640000000000000000e+02 2.178688997321251430e-03 2.208380012857830491e-03 1.640000000000000000e+02 2.655800672872757557e-04 2.563287350197035247e-04
1.650000000000000000e+02 6.559082414052990937e-05 6.559422906057590908e-05 nan nan nan 1.650000000000000000e+02 2.178595332252833937e-03 2.209320791616376477e-03 1.650000000000000000e+02 2.629482073098046214e-04 2.538333431325846498e-04
1.660000000000000000e+02 6.479816243962216319e-05 6.480150582533150900e-05 nan nan nan 1.660000000000000000e+02 2.178554877444467859e-03 2.210243456207023303e-03 1.660000000000000000e+02 2.652720724961394531e-04 2.560539848223430427e-04
1.670000000000000000e+02 6.401978273706552332e-05 6.402306606226836061e-05 nan nan nan 1.670000000000000000e+02 2.178531337978029288e-03 2.211166120397841522e-03 1.670000000000000000e+02 2.675670717179317454e-04 2.582758396243388897e-04
1.680000000000000000e+02 6.325534515292447391e-05 6.325856984764880082e-05 nan nan nan 1.680000000000000000e+02 2.178561419378660137e-03 2.212068571893845408e-03 1.680000000000000000e+02 2.652215073477743614e-04 2.560523865203966293e-04
1.690000000000000000e+02 6.250451882322903129e-05 6.250768627520035363e-05 nan nan nan 1.690000000000000000e+02 2.178605818418191415e-03 2.212971019634623563e-03 1.690000000000000000e+02 2.628902050552610727e-04 2.538406610636873744e-04
1.700000000000000000e+02 6.176698128565169847e-05 6.177009284171761712e-05 nan nan nan 1.700000000000000000e+02 2.178704181964538980e-03 2.213851214117001226e-03 1.700000000000000000e+02 2.576507783034086480e-04 2.489532070488068103e-04
1.710000000000000000e+02 6.104242213121147207e-05 6.104547909890702703e-05 nan nan nan 1.710000000000000000e+02 2.178814416352124923e-03 2.214731401580988246e-03 1.710000000000000000e+02 2.524542436562032246e-04 2.440982661346706906e-04
1.720000000000000000e+02 6.033053770599741027e-05 6.033354135480102718e-05 nan nan nan 1.720000000000000000e+02 2.179234477896795866e-03 2.213574213620065484e-03 1.720000000000000000e+02 2.504984972250013926e-04 2.422393588015076254e-04
1.730000000000000000e+02 5.963103468129530996e-05 5.963398624402483240e-05 nan nan nan 1.730000000000000000e+02 2.179617919374197445e-03 2.212416448118180619e-03 1.730000000000000000e+02 2.485564422464758057e-04 2.403915589374792635e-04
1.740000000000000000e+02 5.894362726376445018e-05 5.894652793779565415e-05 nan nan nan 1.740000000000000000e+02 2.179738122479285469e-03 2.213272467102789243e-03 1.740000000000000000e+02 2.433185943805770009e-04 2.355172299924882993e-04
1.750000000000000000e+02 5.826803820680907320e-05 5.827088915530854730e-05 nan nan nan 1.750000000000000000e+02 2.179868581623011642e-03 2.214128475807016719e-03 1.750000000000000000e+02 2.381317428101689118e-04 2.306812971242707669e-04
1.760000000000000000e+02 5.760399792843171355e-05 5.760680028151166305e-05 nan nan nan 1.760000000000000000e+02 2.137732634525157504e-03 2.169873931319342072e-03 1.760000000000000000e+02 2.365478671350443351e-04 2.291672654755241693e-04
1.770000000000000000e+02 5.695124529348534329e-05 5.695400014936336116e-05 nan nan nan 1.770000000000000000e+02 2.095609054551235504e-03 2.125592221105980680e-03 1.770000000000000000e+02 2.349765543377648673e-04 2.276632507148654999e-04
1.780000000000000000e+02 5.630952532801592310e-05 5.631223375403215464e-05 nan nan nan 1.780000000000000000e+02 1.766761200962850900e-03 1.804808176432801939e-03 1.780000000000000000e+02 2.363989266507004496e-04 2.290284237385609937e-04
1.790000000000000000e+02 5.567859099867625137e-05 5.568125403236703219e-05 nan nan nan 1.790000000000000000e+02 1.436101747802925876e-03 1.480628831215756057e-03 1.790000000000000000e+02 2.378004286957689404e-04 2.303935588350005607e-04
1.800000000000000000e+02 5.505820222834907754e-05 5.506082087844375579e-05 nan nan nan 1.800000000000000000e+02 1.436448137263644786e-03 1.481461629957687249e-03 1.800000000000000000e+02 2.325339646279242685e-04 2.255017830945398917e-04
1.810000000000000000e+02 5.444812501808399729e-05 5.445070026543258383e-05 nan nan nan 1.810000000000000000e+02 1.436799614658967710e-03 1.482294405775041709e-03 1.810000000000000000e+02 2.273215401759627445e-04 2.206505399788055894e-04
1.820000000000000000e+02 5.384813164343558333e-05 5.385066444192000332e-05 nan nan nan 1.820000000000000000e+02 1.437175565996178265e-03 1.483099375163673657e-03 1.820000000000000000e+02 2.260405290370808235e-04 2.194221312954937786e-04
1.830000000000000000e+02 5.325800180836704525e-05 5.326049308584122953e-05 nan nan nan 1.830000000000000000e+02 1.437555246104710478e-03 1.483904317286166390e-03 1.830000000000000000e+02 2.247696907534475395e-04 2.182017829464346617e-04
1.840000000000000000e+02 5.267752044247150543e-05 5.267997110157347828e-05 nan nan nan 1.840000000000000000e+02 1.437958860462459562e-03 1.484679708340635312e-03 1.840000000000000000e+02 2.305189351675260767e-04 2.239759110202415682e-04
1.850000000000000000e+02 5.210647767612266122e-05 5.210888859506336519e-05 nan nan nan 1.850000000000000000e+02 1.438364936156039976e-03 1.485455068116117890e-03 1.850000000000000000e+02 2.364450530739728733e-04 2.299434731212887867e-04
1.860000000000000000e+02 5.154467102551948520e-05 5.154704305895073917e-05 nan nan nan 1.860000000000000000e+02 1.438794436886171521e-03 1.486199215692275569e-03 1.860000000000000000e+02 2.310477830731717211e-04 2.249161784363245262e-04
1.870000000000000000e+02 5.099190154965271517e-05 5.099423552933603156e-05 nan nan nan 1.870000000000000000e+02 1.439225218315030256e-03 1.486943328406574840e-03 1.870000000000000000e+02 2.256985173729344856e-04 2.199219875675745761e-04
1.880000000000000000e+02 5.044797645565710813e-05 5.045027319123323250e-05 nan nan nan 1.880000000000000000e+02 1.438023027647939572e-03 1.485758199472973513e-03 1.880000000000000000e+02 2.246042505545565060e-04 2.188752541358723338e-04
1.890000000000000000e+02 4.991270855470271651e-05 4.991496883441607789e-05 nan nan nan 1.890000000000000000e+02 1.436821073399632961e-03 1.484573053495929140e-03 1.890000000000000000e+02 2.235165369964294121e-04 2.178336242654005622e-04
1.900000000000000000e+02 4.938591500967825127e-05 4.938813960102577587e-05 nan nan nan 1.900000000000000000e+02 1.435896527056555825e-03 1.483688493036328495e-03 1.900000000000000000e+02 2.226707953599937754e-04 2.170265387090675809e-04
1.910000000000000000e+02 4.886741719412355861e-05 4.886960684448011892e-05 nan nan nan 1.910000000000000000e+02 1.434972164303651484e-03 1.482803924298709388e-03 1.910000000000000000e+02 2.218295530850318954e-04 2.162228273914298829e-04
1.920000000000000000e+02 4.835704300666527749e-05 4.835919844399593181e-05 nan nan nan 1.920000000000000000e+02 1.433468387033821467e-03 1.481305688435417215e-03 1.920000000000000000e+02 2.225809955343740945e-04 2.169307369720176442e-04
1.930000000000000000e+02 4.785462238664376847e-05 4.785674431999865176e-05 nan nan nan 1.930000000000000000e+02 1.431964920982961532e-03 1.479807425544440915e-03 1.930000000000000000e+02 2.233108946849016868e-04 2.176340115682039926e-04
1.940000000000000000e+02 4.735999163914119488e-05 4.736208075932830009e-05 nan nan nan 1.940000000000000000e+02 1.431300693609683077e-03 1.479207494182613412e-03 1.940000000000000000e+02 1.915275618522681994e-04 1.863128913223634654e-04
1.950000000000000000e+02 4.687299050612310698e-05 4.687504748623521407e-05 nan nan nan 1.950000000000000000e+02 1.430636605064110681e-03 1.478607559911845459e-03 1.950000000000000000e+02 1.592010600875131267e-04 1.543343104452975104e-04
1.960000000000000000e+02 4.639346279817084707e-05 4.639548829412659415e-05 nan nan nan 1.960000000000000000e+02 1.428817681634796761e-03 1.476784666662558790e-03 1.960000000000000000e+02 1.541857593746602008e-04 1.495940778017270203e-04
1.970000000000000000e+02 4.592125641326699878e-05 4.592325106433886139e-05 nan nan nan 1.970000000000000000e+02 1.426999161637883826e-03 1.474961733400863804e-03 1.970000000000000000e+02 1.492463578246887030e-04 1.449171470626952685e-04
1.980000000000000000e+02 4.545622260144274452e-05 4.545818703073991224e-05 nan nan nan 1.980000000000000000e+02 1.427474663605850583e-03 1.475672518908363465e-03 1.980000000000000000e+02 1.487369208874814305e-04 1.444142679167221633e-04
1.990000000000000000e+02 4.499821731161328950e-05 4.500015212661019414e-05 nan nan nan 1.990000000000000000e+02 1.427949993139937665e-03 1.476383266706807846e-03 1.990000000000000000e+02 1.482320429561269500e-04 1.439149911379791758e-04
2.000000000000000000e+02 4.454709974706580342e-05 4.454900554005564081e-05 nan nan nan 2.000000000000000000e+02 1.427533357868418853e-03 1.476049831464475506e-03 2.000000000000000000e+02 1.434052943565079319e-04 1.393643935492472027e-04
2.010000000000000000e+02 4.410273227483676816e-05 4.410460962336980041e-05 nan nan nan 2.010000000000000000e+02 1.427116818006030291e-03 1.475716395722208654e-03 2.010000000000000000e+02 1.386630378512590165e-04 1.348837103608841587e-04
2.020000000000000000e+02 4.366498091390559009e-05 4.366683038123719216e-05 nan nan nan 2.020000000000000000e+02 1.424977467749475452e-03 1.473559596443982248e-03 2.020000000000000000e+02 1.383720702729776455e-04 1.345867495065617564e-04
2.030000000000000000e+02 4.323371508168051888e-05 4.323553721719743944e-05 nan nan nan 2.030000000000000000e+02 1.422838618312171699e-03 1.471402740004685477e-03 2.030000000000000000e+02 1.380837683005886759e-04 1.342917849998309860e-04
2.040000000000000000e+02 4.280880648627926255e-05 4.281060182586905906e-05 nan nan nan 2.040000000000000000e+02 1.422649890315536578e-03 1.471316485514754559e-03 2.040000000000000000e+02 1.377489931321047216e-04 1.340405167035052698e-04
2.050000000000000000e+02 4.239013176139271624e-05 4.239190082791391249e-05 nan nan nan 2.050000000000000000e+02 1.422461222746384353e-03 1.471230231066510781e-03 2.050000000000000000e+02 1.373953771709179601e-04 1.337751411093533814e-04
2.060000000000000000e+02 4.197756950477867795e-05 4.197931280839655501e-05 nan nan nan 2.060000000000000000e+02 1.422968549993165960e-03 1.471906478745611769e-03 2.060000000000000000e+02 1.372402138875215252e-04 1.336158730963397879e-04
2.070000000000000000e+02 4.157100114697743652e-05 4.157271918552761991e-05 nan nan nan 2.070000000000000000e+02 1.423474553230399519e-03 1.472582686125600187e-03 2.070000000000000000e+02 1.370860137249265451e-04 1.334572446667396065e-04
2.080000000000000000e+02 4.117031074060939862e-05 4.117200399994391536e-05 nan nan nan 2.080000000000000000e+02 1.421006295056739940e-03 1.470085642184456752e-03 2.080000000000000000e+02 1.324035792395961337e-04 1.290513549217488188e-04
2.090000000000000000e+02 4.077538578777086469e-05 4.077705474212978744e-05 nan nan nan 2.090000000000000000e+02 1.418538653384086206e-03 1.467588519233054261e-03 2.090000000000000000e+02 1.278056191339546491e-04 1.247148702795029753e-04
2.100000000000000000e+02 4.038611664692963975e-05 4.038776175927968995e-05 nan nan nan 2.100000000000000000e+02 1.418561996790558555e-03 1.467729129658784009e-03 2.100000000000000000e+02 1.277982876690907088e-04 1.246955381037316015e-04
2.110000000000000000e+02 4.000239530801248059e-05 4.000401703032787748e-05 nan nan nan 2.110000000000000000e+02 1.418585369106513134e-03 1.467869739686938338e-03 2.110000000000000000e+02 1.277910717697856543e-04 1.246762636442993143e-04
2.120000000000000000e+02 3.962411696773993585e-05 3.962571574134017284e-05 nan nan nan 2.120000000000000000e+02 1.419119661869073590e-03 1.468510098336716502e-03 2.120000000000000000e+02 1.268336148047704041e-04 1.238040154908576836e-04
2.130000000000000000e+02 3.925117818836185293e-05 3.925275444416758292e-05 nan nan nan 2.130000000000000000e+02 1.419651614823759034e-03 1.469150414600812245e-03 2.130000000000000000e+02 1.258505438269316712e-04 1.229083335238397273e-04
2.140000000000000000e+02 3.888348103266692609e-05 3.888503519161505502e-05 nan nan nan 2.140000000000000000e+02 1.418494997700665318e-03 1.467397219758260042e-03 2.140000000000000000e+02 1.311115741824916178e-04 1.281709509144391920e-04
2.150000000000000000e+02 3.852092614909165979e-05 3.852245862226575583e-05 nan nan nan 2.150000000000000000e+02 1.417322244301277932e-03 1.465643507156424909e-03 2.150000000000000000e+02 1.368730662052351982e-04 1.339518591271398370e-04
2.160000000000000000e+02 3.816341898909454553e-05 3.816493017809827220e-05 nan nan nan 2.160000000000000000e+02 1.414519926796112661e-03 1.462801391982589952e-03 2.160000000000000000e+02 1.319586567327942037e-04 1.293050814602866730e-04
2.170000000000000000e+02 3.781086493743676929e-05 3.781235523456685636e-05 nan nan nan 2.170000000000000000e+02 1.411718342409290115e-03 1.459959163909975259e-03 2.170000000000000000e+02 1.270889618042078109e-04 1.246895036342755175e-04
2.180000000000000000e+02 3.746317479112293796e-05 3.746464457975302967e-05 nan nan nan 2.180000000000000000e+02 1.411936775706559019e-03 1.460305929617512375e-03 2.180000000000000000e+02 1.271743996620570559e-04 1.247889506042474165e-04
2.190000000000000000e+02 3.712025781717414143e-05 3.712170747185883249e-05 nan nan nan 2.190000000000000000e+02 1.412155211705998442e-03 1.460652694117593698e-03 2.190000000000000000e+02 1.272598427579713283e-04 1.248884718468009714e-04
2.200000000000000000e+02 3.678202859212047340e-05 3.678345847896272473e-05 nan nan nan 2.200000000000000000e+02 1.412687204669574835e-03 1.461256080111737309e-03 2.200000000000000000e+02 1.274724236878040269e-04 1.251159434521166938e-04
2.210000000000000000e+02 3.644840034904943811e-05 3.644981082580229538e-05 nan nan nan 2.210000000000000000e+02 1.413216372700899781e-03 1.461859421881470545e-03 2.210000000000000000e+02 1.276853941673601774e-04 1.253439469719953760e-04
2.220000000000000000e+02 3.611929146646861345e-05 3.612068288288453023e-05 nan nan nan 2.220000000000000000e+02 1.413607999913816778e-03 1.462391473103342044e-03 2.220000000000000000e+02 1.229899666419628150e-04 1.209115611691722149e-04
2.230000000000000000e+02 3.579461990288740748e-05 3.579599260084628950e-05 nan nan nan 2.230000000000000000e+02 1.413999609964299757e-03 1.462923522069418817e-03 2.230000000000000000e+02 1.183334496209723237e-04 1.165033788028851019e-04
2.240000000000000000e+02 3.547430634454425456e-05 3.547566065829883499e-05 nan nan nan 2.240000000000000000e+02 1.410859298932739874e-03 1.459737305385737111e-03 2.240000000000000000e+02 1.193418376414929734e-04 1.173133693288247453e-04
2.250000000000000000e+02 3.515827283905274684e-05 3.515960909541647179e-05 nan nan nan 2.250000000000000000e+02 1.407719874852335308e-03 1.456550938041666510e-03 2.250000000000000000e+02 1.203558278615562125e-04 1.181267048212089247e-04
2.260000000000000000e+02 3.484644486241626429e-05 3.484776338102534444e-05 nan nan nan 2.260000000000000000e+02 1.408275052158513684e-03 1.457115989389881584e-03 2.260000000000000000e+02 1.213725118063956884e-04 1.189410762198784974e-04
2.270000000000000000e+02 3.453874674301375837e-05 3.454004783641087615e-05 nan nan nan 2.270000000000000000e+02 1.408826553485797951e-03 1.457680995401195107e-03 2.270000000000000000e+02 1.223934577192069024e-04 1.197586358253268789e-04
2.280000000000000000e+02 3.423510622987046767e-05 3.423639020375814855e-05 nan nan nan 2.280000000000000000e+02 1.409372573965683240e-03 1.458376727991670795e-03 2.280000000000000000e+02 1.234136303594945885e-04 1.205748380203972855e-04
2.290000000000000000e+02 3.393545186027426084e-05 3.393671901366422216e-05 nan nan nan 2.290000000000000000e+02 1.409918562262565738e-03 1.459072457646419518e-03 2.290000000000000000e+02 1.244368642167278428e-04 1.213940604780657217e-04
2.300000000000000000e+02 3.363971468210037307e-05 3.364096530752381186e-05 nan nan nan 2.300000000000000000e+02 1.410488732671792483e-03 1.459598355961102926e-03 2.300000000000000000e+02 1.230535425037959033e-04 1.200793384523898800e-04
2.310000000000000000e+02 3.334782736013370966e-05 3.334906174381379240e-05 nan nan nan 2.310000000000000000e+02 1.411054536851467055e-03 1.460124208412206040e-03 2.310000000000000000e+02 1.216420799833490575e-04 1.187377853503657926e-04
2.320000000000000000e+02 3.305972227827067039e-05 3.306094070022145290e-05 nan nan nan 2.320000000000000000e+02 1.407581356429187143e-03 1.456597470969936241e-03 2.320000000000000000e+02 1.226570907282459083e-04 1.195633818610599780e-04
2.330000000000000000e+02 3.277533500839614988e-05 3.277653774264657353e-05 nan nan nan 2.330000000000000000e+02 1.404109216638452359e-03 1.453070536576059292e-03 2.330000000000000000e+02 1.236740885510090771e-04 1.203917468634060336e-04
2.340000000000000000e+02 3.249460093983212754e-05 3.249578825452214729e-05 nan nan nan 2.340000000000000000e+02 1.404790662092340100e-03 1.453908786971569141e-03 2.340000000000000000e+02 1.240216581226949964e-04 1.207474726477637426e-04
2.350000000000000000e+02 3.221745923059020068e-05 3.221863138820852350e-05 nan nan nan 2.350000000000000000e+02 1.405472064872120971e-03 1.454747034076855645e-03 2.350000000000000000e+02 1.243702214627651764e-04 1.211044634650835833e-04
2.360000000000000000e+02 3.194384734650865541e-05 3.194500460392763131e-05 nan nan nan 2.360000000000000000e+02 1.406061887178072008e-03 1.455232565207568779e-03 2.360000000000000000e+02 1.253848920366644557e-04 1.219309658276897094e-04
2.370000000000000000e+02 3.167370702120618861e-05 3.167484962993099412e-05 nan nan nan 2.370000000000000000e+02 1.406646637051704252e-03 1.455718050407836051e-03 2.370000000000000000e+02 1.264004540168668634e-04 1.227599810306716644e-04
2.380000000000000000e+02 3.140697791210727300e-05 3.140810611829186934e-05 nan nan nan 2.380000000000000000e+02 1.402836402227655667e-03 1.451858343413519941e-03 2.380000000000000000e+02 1.274056757563744727e-04 1.235802734478823447e-04
2.390000000000000000e+02 3.114360535572813357e-05 3.114471940046836709e-05 nan nan nan 2.390000000000000000e+02 1.399027414352444453e-03 1.447998384585401322e-03 2.390000000000000000e+02 1.284109863473241822e-04 1.244028995825708348e-04
2.400000000000000000e+02 3.088353090837028120e-05 3.088463102765389492e-05 nan nan nan 2.400000000000000000e+02 1.399825689801851647e-03 1.448958391117723685e-03 2.400000000000000000e+02 1.294031824466625896e-04 1.252144622311067543e-04
2.410000000000000000e+02 3.062670070904066448e-05 3.062778713399497051e-05 nan nan nan 2.410000000000000000e+02 1.400623916335785391e-03 1.449918394439281277e-03 2.410000000000000000e+02 1.303947669717974724e-04 1.260281794043874846e-04
2.420000000000000000e+02 3.037306154677711021e-05 3.037413450377264627e-05 nan nan nan 2.420000000000000000e+02 1.401231757627194449e-03 1.450362698429129380e-03 2.420000000000000000e+02 1.313706222320814090e-04 1.268285321787134771e-04
2.430000000000000000e+02 3.012256022809386264e-05 3.012361993882360317e-05 nan nan nan 2.430000000000000000e+02 1.401833888798786421e-03 1.450806956898349201e-03 2.430000000000000000e+02 1.323452595121136968e-04 1.276308621332060487e-04
2.440000000000000000e+02 2.987514431055063205e-05 2.987619099213330591e-05 nan nan nan 2.440000000000000000e+02 1.400128648575723559e-03 1.448435800740692373e-03 2.440000000000000000e+02 1.333017092982582876e-04 1.284175748510379468e-04
2.450000000000000000e+02 2.963076493815474847e-05 2.963179880333498267e-05 nan nan nan 2.450000000000000000e+02 1.398411030294941047e-03 1.446064320008540443e-03 2.450000000000000000e+02 1.342564207485193552e-04 1.292060907834725186e-04
2.460000000000000000e+02 2.938937173901109726e-05 2.939039299617811945e-05 nan nan nan 2.460000000000000000e+02 1.399003852280441326e-03 1.446467120980583299e-03 2.460000000000000000e+02 1.351906398646266004e-04 1.299767925005136356e-04
2.470000000000000000e+02 2.915091653849125828e-05 2.915192539182581290e-05 nan nan nan 2.470000000000000000e+02 1.399590854932861953e-03 1.446869877147955114e-03 2.470000000000000000e+02 1.361226788133617174e-04 1.307491282229352987e-04
2.480000000000000000e+02 2.891535235402213627e-05 2.891634900360565355e-05 nan nan nan 2.480000000000000000e+02 1.400488462323826004e-03 1.447933281844552460e-03 2.480000000000000000e+02 1.370320706266424317e-04 1.315015157888597703e-04
2.490000000000000000e+02 2.868263136938112778e-05 2.868361601123326426e-05 nan nan nan 2.490000000000000000e+02 1.401386016193302466e-03 1.448996680948687549e-03 2.490000000000000000e+02 1.379389118210482923e-04 1.322553740373621589e-04
2.500000000000000000e+02 2.845270852110468588e-05 2.845368134734269533e-05 nan nan nan 2.500000000000000000e+02 1.397250676934917463e-03 1.444812066102832155e-03 2.500000000000000000e+02 1.388210978259889997e-04 1.329872199759248106e-04
