x U u
0.000000000000000000e+00 1.000000000004699574e+00 9.999999999999998890e-01
2.004008016032063962e-03 9.996680080341147079e-01 9.996680080028936821e-01
4.008016032064127925e-03 9.993400398414885588e-01 9.993400397306894112e-01
6.012024048096191453e-03 9.990161025199767453e-01 9.990161022765554621e-01
8.016032064128255849e-03 9.986962025262121623e-01 9.986962020971457132e-01
1.002004008016032024e-02 9.983803456805570020e-01 9.983803450128517776e-01
1.202404809619238291e-02 9.980685371674558048e-01 9.980685362081563872e-01
1.402805611222444730e-02 9.977607815358899845e-01 9.977607802320866970e-01
1.603206412825651170e-02 9.974570826999322737e-01 9.974570809987702846e-01
1.803607214428857436e-02 9.971574439394023104e-01 9.971574417880896268e-01
2.004008016032064049e-02 9.968618679006224781e-01 9.968618652464384944e-01
2.204408817635270315e-02 9.965703565972742206e-01 9.965703533875783782e-01
2.404809619238476581e-02 9.962829114113552764e-01 9.962829075935947243e-01
2.605210420841683194e-02 9.959995330942360559e-01 9.959995286159546435e-01
2.805611222444889460e-02 9.957202217678170486e-01 9.957202165766630975e-01
3.006012024048096073e-02 9.954449769257850411e-01 9.954449709695200044e-01
3.206412825651302340e-02 9.951737974349693650e-01 9.951737906614760432e-01
3.406813627254508953e-02 9.949066815367978434e-01 9.949066738940888222e-01
3.607214428857714872e-02 9.946436268488515475e-01 9.946436182850771912e-01
3.807615230460921485e-02 9.943846303665185848e-01 9.943846208299749190e-01
4.008016032064128098e-02 9.941296884647461418e-01 9.941296779038838460e-01
4.208416833667334017e-02 9.938787968998916700e-01 9.938787852633235165e-01
4.408817635270540630e-02 9.936319508116712163e-01 9.936319380481807295e-01
4.609218436873747243e-02 9.933891447252066742e-01 9.933891307837557916e-01
4.809619238476953162e-02 9.931503725531687365e-01 9.931503573829063569e-01
5.010020040080159776e-02 9.929156275980191015e-01 9.929156111482890790e-01
5.210420841683366389e-02 9.926849025543479366e-01 9.926848847746965188e-01
5.410821643286573002e-02 9.924581895113077090e-01 9.924581703514923081e-01
5.611222444889778921e-02 9.922354799551439397e-01 9.922354593651407928e-01
5.811623246492985534e-02 9.920167647718206583e-01 9.920167427018331541e-01
6.012024048096192147e-02 9.918020342497420039e-01 9.918020106502074551e-01
6.212424849699398066e-02 9.915912780825673067e-01 9.915912529041659429e-01
6.412825651302604679e-02 9.913844853721210937e-01 9.913844585657833886e-01
6.613226452905811292e-02 9.911816446313975737e-01 9.911816161483122389e-01
6.813627254509017905e-02 9.909827437876572720e-01 9.909827135792786956e-01
7.014028056112224518e-02 9.907877701856175889e-01 9.907877382036736069e-01
7.214428857715429744e-02 9.905967105907345083e-01 9.905966767872340650e-01
7.414829659318636357e-02 9.904095511925774531e-01 9.904095155198184841e-01
7.615230460921842970e-02 9.902262776082948470e-01 9.902262400188714953e-01
7.815631262525049583e-02 9.900468748861699364e-01 9.900468353329805460e-01
8.016032064128256196e-02 9.898713275092682062e-01 9.898712859455219837e-01
8.216432865731462809e-02 9.896996193991725033e-01 9.896995757783979553e-01
8.416833667334668034e-02 9.895317339198089757e-01 9.895316881958603483e-01
8.617234468937874647e-02 9.893676538813603871e-01 9.893676060084253265e-01
8.817635270541081260e-02 9.892073615442671386e-01 9.892073114768743514e-01
9.018036072144287874e-02 9.890508386233165528e-01 9.890507863163423563e-01
9.218436873747494487e-02 9.888980662918170905e-01 9.888980117004930737e-01
9.418837675350701100e-02 9.887490251858596091e-01 9.887489682657795154e-01
9.619238476953906325e-02 9.886036954086636630e-01 9.886036361157904961e-01
9.819639278557112938e-02 9.884620565350076271e-01 9.884619948256804234e-01
1.002004008016031955e-01 9.883240876157433075e-01 9.883240234466842411e-01
1.022044088176352616e-01 9.881897671823929308e-01 9.881897005107143084e-01
1.042084168336673278e-01 9.880590732518294006e-01 9.880590040350402115e-01
1.062124248496993939e-01 9.879319833310372667e-01 9.879319115270500662e-01
1.082164328657314600e-01 9.878084744219547408e-01 9.878083999890922007e-01
1.102204408817635123e-01 9.876885230263965365e-01 9.876884459233981062e-01
1.122244488977955784e-01 9.875721051510548687e-01 9.875720253370833257e-01
1.142284569138276445e-01 9.874591963125796124e-01 9.874591137472276126e-01
1.162324649298597107e-01 9.873497715427359545e-01 9.873496861860323603e-01
1.182364729458917768e-01 9.872438053936393176e-01 9.872437172060553046e-01
1.202404809619238429e-01 9.871412719430653349e-01 9.871411808855212744e-01
1.222444889779558952e-01 9.870421447998363185e-01 9.870420508337075516e-01
1.242484969939879613e-01 9.869463971092813370e-01 9.869463001964042803e-01
1.262525050100200275e-01 9.868540015587697889e-01 9.868539016614480408e-01
1.282565130260520936e-01 9.867649303833176955e-01 9.867648274643282535e-01
1.302605210420841597e-01 9.866791553712656038e-01 9.866790493938639717e-01
1.322645290581162258e-01 9.865966478700274322e-01 9.865965387979543921e-01
1.342685370741482920e-01 9.865173787919097048e-01 9.865172665893965354e-01
1.362725450901803581e-01 9.864413186199982864e-01 9.864412032517727580e-01
1.382765531062124242e-01 9.863684374141151734e-01 9.863683188454068773e-01
1.402805611222444904e-01 9.862987048168406767e-01 9.862985830133865761e-01
1.422845691382765287e-01 9.862320900596028839e-01 9.862319649876526428e-01
1.442885771543085949e-01 9.861685619688314031e-01 9.861684335951530489e-01
1.462925851703406610e-01 9.861080889721760556e-01 9.861079572640608637e-01
1.482965931863727271e-01 9.860506391047882957e-01 9.860505040300566737e-01
1.503006012024047933e-01 9.859961800156656908e-01 9.859960415426715086e-01
1.523046092184368594e-01 9.859446789740563544e-01 9.859445370716926060e-01
1.543086172344689255e-01 9.858961028759246625e-01 9.858959575136275744e-01
1.563126252505009917e-01 9.858504182504752578e-01 9.858502693982300613e-01
1.583166332665330578e-01 9.858075912667363383e-01 9.858074388950814892e-01
1.603206412825651239e-01 9.857675877401992359e-01 9.857674318202308550e-01
1.623246492985971901e-01 9.857303731395133939e-01 9.857302136428904848e-01
1.643286573146292562e-01 9.856959125932384103e-01 9.856957494921868568e-01
1.663326653306613223e-01 9.856641708966478177e-01 9.856640041639650462e-01
1.683366733466933607e-01 9.856351125185871531e-01 9.856349421276462408e-01
1.703406813627254268e-01 9.856087016083826535e-01 9.856085275331366580e-01
1.723446893787574929e-01 9.855849020028015772e-01 9.855847242177877554e-01
1.743486973947895591e-01 9.855636772330618189e-01 9.855634957134058460e-01
1.763527054108216252e-01 9.855449905318899306e-01 9.855448052533092307e-01
1.783567134268536913e-01 9.855288048406259938e-01 9.855286157794341806e-01
1.803607214428857575e-01 9.855150828163752319e-01 9.855148899494856618e-01
1.823647294589178236e-01 9.855037868392046985e-01 9.855035901441341339e-01
1.843687374749498897e-01 9.854948790193837072e-01 9.854946784742557586e-01
1.863727454909819559e-01 9.854883212046671170e-01 9.854881167882157955e-01
1.883767535070140220e-01 9.854840749876199180e-01 9.854838666791929658e-01
1.903807615230460881e-01 9.854821017129827831e-01 9.854818894925450046e-01
1.923847695390781265e-01 9.854823624850765906e-01 9.854821463332131826e-01
1.943887775551101926e-01 9.854848181752452474e-01 9.854845980731641308e-01
1.963927855711422588e-01 9.854894294293349288e-01 9.854892053588709677e-01
1.983967935871743249e-01 9.854961566752100666e-01 9.854959286188270662e-01
2.004008016032063910e-01 9.855049601303029760e-01 9.855047280710966806e-01
2.024048096192384572e-01 9.855157998091973459e-01 9.855155637308982142e-01
2.044088176352705233e-01 9.855286355312435909e-01 9.855283954182195716e-01
2.064128256513025894e-01 9.855434269282055126e-01 9.855431827654637100e-01
2.084168336673346555e-01 9.855601334519362711e-01 9.855598852251262754e-01
2.104208416833667217e-01 9.855787143820833318e-01 9.855784620774987737e-01
2.124248496993987878e-01 9.855991288338201706e-01 9.855988724384012745e-01
2.144288577154308539e-01 9.856213357656045115e-01 9.856210752669402053e-01
2.164328657314629201e-01 9.856452939869614349e-01 9.856450293732911261e-01
2.184368737474949584e-01 9.856709621662897991e-01 9.856706934265049291e-01
2.204408817635270246e-01 9.856982988386909783e-01 9.856980259623374652e-01
2.224448897795590907e-01 9.857272624138189165e-01 9.857269853910985979e-01
2.244488977955911568e-01 9.857578111837504986e-01 9.857575300055226863e-01
2.264529058116232230e-01 9.857899033308740178e-01 9.857896179886567189e-01
2.284569138276552891e-01 9.858234969357945188e-01 9.858232074217659902e-01
2.304609218436873552e-01 9.858585499852570155e-01 9.858582562922568737e-01
2.324649298597194214e-01 9.858950203800825873e-01 9.858947225016131410e-01
2.344689378757514875e-01 9.859328659431194630e-01 9.859325638733462682e-01
2.364729458917835536e-01 9.859720444272055406e-01 9.859717381609590658e-01
2.384769539078156197e-01 9.860125135231431193e-01 9.860122030559189676e-01
2.404809619238476859e-01 9.860542308676822909e-01 9.860539161956423104e-01
2.424849699398797520e-01 9.860971540515137690e-01 9.860968351714860525e-01
2.444889779559117904e-01 9.861412406272684894e-01 9.861409175367484847e-01
2.464929859719438565e-01 9.861864481175235397e-01 9.861861208146740498e-01
2.484969939879759226e-01 9.862327340228123074e-01 9.862324025064643784e-01
2.505010020040079888e-01 9.862800558296392905e-01 9.862797200992917679e-01
2.525050100200400549e-01 9.863283710184960196e-01 9.863280310743158807e-01
2.545090180360721210e-01 9.863776370718781994e-01 9.863772929147005541e-01
2.565130260521041872e-01 9.864278114823029631e-01 9.864274631136309424e-01
2.585170340681362533e-01 9.864788517603241269e-01 9.864784991823284388e-01
2.605210420841683194e-01 9.865307154425445590e-01 9.865303586580633777e-01
2.625250501002003856e-01 9.865833600996244401e-01 9.865829991121629616e-01
2.645290581162324517e-01 9.866367433442848611e-01 9.866363781580144154e-01
2.665330661322645178e-01 9.866908228393033164e-01 9.866904534590610343e-01
2.685370741482965840e-01 9.867455563055025358e-01 9.867451827367904604e-01
2.705410821643286501e-01 9.868009015297295461e-01 9.868005237787138562e-01
2.725450901803607162e-01 9.868568163728244080e-01 9.868564344463341964e-01
2.745490981963927823e-01 9.869132587775769627e-01 9.869128726831036813e-01
2.765531062124248485e-01 9.869701867766711434e-01 9.869697965223667158e-01
2.785571142284569146e-01 9.870275585006144103e-01 9.870271640952902326e-01
2.805611222444889807e-01 9.870853321856520868e-01 9.870849336387779172e-01
2.825651302605209914e-01 9.871434661816645972e-01 9.871430635033666690e-01
2.845691382765530575e-01 9.872019189600471645e-01 9.872015121611071864e-01
2.865731462925851236e-01 9.872606491215700775e-01 9.872602382134224586e-01
2.885771543086171897e-01 9.873196154042178652e-01 9.873192003989487153e-01
2.905811623246492559e-01 9.873787766910075980e-01 9.873783576013526186e-01
2.925851703406813220e-01 9.874380920177835419e-01 9.874376688571260274e-01
2.945891783567133881e-01 9.874975205809879419e-01 9.874970933633565595e-01
2.965931863727454543e-01 9.875570217454062716e-01 9.875565904854730626e-01
2.985971943887775204e-01 9.876165550518857250e-01 9.876161197649634405e-01
3.006012024048095865e-01 9.876760802250257321e-01 9.876756409270655013e-01
3.026052104208416527e-01 9.877355571808393853e-01 9.877351138884283843e-01
3.046092184368737188e-01 9.877949460343848909e-01 9.877944987647435671e-01
3.066132264529057849e-01 9.878542071073646014e-01 9.878537558783441197e-01
3.086172344689378511e-01 9.879133009356922956e-01 9.879128457657716522e-01
3.106212424849699172e-01 9.879721882770259311e-01 9.879717291853085115e-01
3.126252505010019833e-01 9.880308301182650910e-01 9.880303671244763386e-01
3.146292585170340494e-01 9.880891876830125709e-01 9.880887208074966566e-01
3.166332665330661156e-01 9.881472224389979964e-01 9.881467517027143765e-01
3.186372745490981817e-01 9.882048961054631375e-01 9.882044215299834455e-01
3.206412825651302478e-01 9.882621706605070333e-01 9.882616922680115268e-01
3.226452905811623140e-01 9.883190083483899269e-01 9.883185261616641570e-01
3.246492985971943801e-01 9.883753716867959005e-01 9.883748857292268264e-01
3.266533066132264462e-01 9.884312234740507686e-01 9.884307337696233153e-01
3.286573146292585124e-01 9.884865267962967827e-01 9.884860333695898449e-01
3.306613226452905785e-01 9.885412450346208191e-01 9.885407479108034856e-01
3.326653306613226446e-01 9.885953418721363795e-01 9.885948410769639372e-01
3.346693386773546552e-01 9.886487813010171877e-01 9.886482768608267913e-01
3.366733466933867214e-01 9.887015276294821575e-01 9.887010195711891658e-01
3.386773547094187875e-01 9.887535454887304009e-01 9.887530338398236029e-01
3.406813627254508536e-01 9.888047998398243887e-01 9.888042846283618958e-01
3.426853707414829198e-01 9.888552559805213749e-01 9.888547372351265130e-01
3.446893787575149859e-01 9.889048795520516411e-01 9.889043573019072886e-01
3.466933867735470520e-01 9.889536365458410083e-01 9.889531108206861543e-01
3.486973947895791182e-01 9.890014933101797245e-01 9.890009641403041396e-01
3.507014028056111843e-01 9.890484165568329544e-01 9.890478839730728611e-01
3.527054108216432504e-01 9.890943733675953142e-01 9.890938374013277246e-01
3.547094188376753165e-01 9.891393312007850103e-01 9.891387918839237292e-01
3.567134268537073827e-01 9.891832578976798018e-01 9.891827152626693209e-01
3.587174348697394488e-01 9.892261216888912356e-01 9.892255757687026252e-01
3.607214428857715149e-01 9.892678912006779290e-01 9.892673420288027319e-01
3.627254509018035811e-01 9.893085354611952376e-01 9.893079830716406953e-01
3.647294589178356472e-01 9.893480239066823057e-01 9.893474683339658071e-01
3.667334669338677133e-01 9.893863263875828373e-01 9.893857676667265899e-01
3.687374749498997795e-01 9.894234131746024730e-01 9.894228513411273962e-01
3.707414829659318456e-01 9.894592549646968882e-01 9.894586900546177288e-01
3.727454909819639117e-01 9.894938228869948338e-01 9.894932549368139485e-01
3.747494989979959779e-01 9.895270885086503432e-01 9.895265175553522585e-01
3.767535070140280440e-01 9.895590238406277717e-01 9.895584499216729668e-01
3.787575150300601101e-01 9.895896013434144489e-01 9.895890244967338045e-01
3.807615230460921762e-01 9.896187939326630545e-01 9.896182141966514134e-01
3.827655310621242424e-01 9.896465749847623838e-01 9.896459923982726670e-01
3.847695390781562530e-01 9.896729183423335074e-01 9.896723329446706074e-01
3.867735470941883191e-01 9.896977983196534323e-01 9.896972101505681074e-01
3.887775551102203853e-01 9.897211897080031573e-01 9.897205988076857031e-01
3.907815631262524514e-01 9.897430677809408994e-01 9.897424741900142653e-01
3.927855711422845175e-01 9.897634082994978266e-01 9.897628120590116207e-01
3.947895791583165837e-01 9.897821875172970740e-01 9.897815886687210130e-01
3.967935871743486498e-01 9.897993821855949337e-01 9.897987807708124031e-01
3.987975951903807159e-01 9.898149695582424412e-01 9.898143656195436124e-01
4.008016032064127820e-01 9.898289273965682478e-01 9.898283209766433055e-01
4.028056112224448482e-01 9.898412339741797794e-01 9.898406251161124825e-01
4.048096192384769143e-01 9.898518680816842386e-01 9.898512568289447033e-01
4.068136272545089804e-01 9.898608090313271157e-01 9.898601954277652659e-01
4.088176352705410466e-01 9.898680366615483228e-01 9.898674207513866730e-01
4.108216432865731127e-01 9.898735313414543935e-01 9.898729131692813876e-01
4.128256513026051788e-01 9.898772739752071947e-01 9.898766535859699900e-01
4.148296593186372450e-01 9.898792460063273735e-01 9.898786234453241795e-01
4.168336673346693111e-01 9.898794294219123158e-01 9.898788047347857333e-01
4.188376753507013772e-01 9.898778067567679528e-01 9.898771799894979795e-01
4.208416833667334433e-01 9.898743610974540807e-01 9.898737322963503393e-01
4.228456913827655095e-01 9.898690760862415283e-01 9.898684452979359394e-01
4.248496993987975756e-01 9.898619359249818395e-01 9.898613031964217379e-01
4.268537074148296417e-01 9.898529253788879156e-01 9.898522907573279461e-01
4.288577154308617079e-01 9.898420297802253964e-01 9.898413933132205189e-01
4.308617234468937740e-01 9.898292350319143340e-01 9.898285967673120522e-01
4.328657314629258401e-01 9.898145276110400514e-01 9.898138875969727524e-01
4.348697394789579063e-01 9.897978945722730737e-01 9.897972528571507000e-01
4.368737474949899169e-01 9.897793235511975762e-01 9.897786801836998549e-01
4.388777555110219830e-01 9.897588027675480182e-01 9.897581577966163557e-01
4.408817635270540491e-01 9.897363210283525170e-01 9.897356745031826719e-01
4.428857715430861153e-01 9.897118677309834078e-01 9.897112197010176082e-01
4.448897795591181814e-01 9.896854328661145450e-01 9.896847833810334949e-01
4.468937875751502475e-01 9.896570070205839009e-01 9.896563561302990086e-01
4.488977955911823137e-01 9.896265813801621292e-01 9.896259291348078468e-01
4.509018036072143798e-01 9.895941477322260926e-01 9.895934941821512565e-01
4.529058116232464459e-01 9.895596984683368014e-01 9.895590436640974152e-01
4.549098196392785121e-01 9.895232265867218713e-01 9.895225705790725579e-01
4.569138276553105782e-01 9.894847256946612823e-01 9.894840685345477338e-01
4.589178356713426443e-01 9.894441900107773247e-01 9.894435317493278648e-01
4.609218436873747105e-01 9.894016143672269559e-01 9.894009550557443244e-01
4.629258517034067766e-01 9.893569942117972360e-01 9.893563339017508174e-01
4.649298597194388427e-01 9.893103256099028409e-01 9.893096643529204481e-01
4.669338677354709088e-01 9.892616052464865417e-01 9.892609430943457571e-01
4.689378757515029750e-01 9.892108304278196540e-01 9.892101674324403904e-01
4.709418837675350411e-01 9.891579990832063407e-01 9.891573352966419597e-01
4.729458917835671072e-01 9.891031097665869964e-01 9.891024452410165368e-01
4.749498997995991734e-01 9.890461616580440429e-01 9.890454964457635612e-01
4.769539078156312395e-01 9.889871545652076934e-01 9.889864887186220477e-01
4.789579158316633056e-01 9.889260889245624631e-01 9.889254224961773199e-01
4.809619238476953718e-01 9.888629658026542035e-01 9.888622988450671558e-01
4.829659318637274379e-01 9.887977868971966622e-01 9.887971194630895688e-01
4.849699398797595040e-01 9.887305545380785654e-01 9.887298866802083364e-01
4.869739478957915702e-01 9.886612716882698937e-01 9.886606034594611625e-01
4.889779559118235808e-01 9.885899419446286807e-01 9.885892733977644786e-01
4.909819639278556469e-01 9.885165695386063378e-01 9.885159007266204334e-01
4.929859719438877130e-01 9.884411593368528370e-01 9.884404903127207431e-01
4.949899799599197792e-01 9.883637168417209740e-01 9.883630476584522873e-01
4.969939879759518453e-01 9.882842481916706001e-01 9.882835789022996753e-01
4.989979959919839114e-01 9.882027601615707146e-01 9.882020908191490038e-01
5.010020040080159776e-01 9.881192601629017469e-01 9.881185908204890289e-01
5.030060120240480437e-01 9.880337562438562538e-01 9.880330869545123074e-01
5.050100200400801098e-01 9.879462570893392526e-01 9.879455879061156409e-01
5.070140280561121759e-01 9.878567720208668579e-01 9.878561029967979357e-01
5.090180360721442421e-01 9.877653109963647760e-01 9.877646421844599178e-01
5.110220440881763082e-01 9.876718846098653248e-01 9.876712160631001547e-01
5.130260521042083743e-01 9.875765040911037573e-01 9.875758358624118216e-01
5.150300601202404405e-01 9.874791813050138867e-01 9.874785134472785497e-01
5.170340681362725066e-01 9.873799287511231260e-01 9.873792613171687993e-01
5.190380761523045727e-01 9.872787595628467194e-01 9.872780926054306461e-01
5.210420841683366389e-01 9.871756875066811654e-01 9.871750210784849822e-01
5.230460921843687050e-01 9.870707269812980522e-01 9.870700611349194631e-01
5.250501002004007711e-01 9.869638930165369750e-01 9.869632278044813134e-01
5.270541082164328373e-01 9.868552012722985323e-01 9.868545367469708784e-01
5.290581162324649034e-01 9.867446680373377355e-01 9.867440042510343678e-01
5.310621242484969695e-01 9.866323102279574986e-01 9.866316472328571230e-01
5.330661322645290356e-01 9.865181453866027628e-01 9.865174832347588518e-01
5.350701402805611018e-01 9.864021916803547008e-01 9.864015304236870563e-01
5.370741482965931679e-01 9.862844678993271108e-01 9.862838075896134260e-01
5.390781563126252340e-01 9.861649934549625574e-01 9.861643341438307564e-01
5.410821643286573002e-01 9.860437883782317003e-01 9.860431301171510565e-01
5.430861723446893663e-01 9.859208733177327044e-01 9.859202161580062906e-01
5.450901803607214324e-01 9.857962695376939477e-01 9.857956135304497547e-01
5.470941883767534986e-01 9.856699989158783648e-01 9.856693441120621957e-01
5.490981963927855647e-01 9.855420839413913114e-01 9.855414303917577890e-01
5.511022044088176308e-01 9.854125477123903964e-01 9.854118954674956354e-01
5.531062124248496970e-01 9.852814139337000565e-01 9.852807630438930042e-01
5.551102204408817631e-01 9.851487069143285424e-01 9.851480574297434289e-01
5.571142284569138292e-01 9.850144515648905363e-01 9.850138035354388810e-01
5.591182364729458953e-01 9.848786733949332906e-01 9.848780268702957974e-01
5.611222444889779615e-01 9.847413985101683975e-01 9.847407535397871836e-01
5.631262525050100276e-01 9.846026536096086357e-01 9.846020102426795706e-01
5.651302605210419827e-01 9.844624659826113344e-01 9.844618242680759357e-01
5.671342685370740488e-01 9.843208635058273703e-01 9.843202234923651428e-01
5.691382765531061150e-01 9.841778746400576816e-01 9.841772363760784570e-01
5.711422845691381811e-01 9.840335284270171901e-01 9.840328919606533553e-01
5.731462925851702472e-01 9.838878544860055753e-01 9.838872198651047452e-01
5.751503006012023134e-01 9.837408830104884538e-01 9.837402502826053663e-01
5.771543086172343795e-01 9.835926447645852999e-01 9.835920139769747106e-01
5.791583166332664456e-01 9.834431710794684367e-01 9.834425422790774585e-01
5.811623246492985118e-01 9.832924938496714340e-01 9.832918670831322094e-01
5.831663326653305779e-01 9.831406455293087987e-01 9.831400208429310617e-01
5.851703406813626440e-01 9.829876591282062925e-01 9.829870365679698185e-01
5.871743486973947102e-01 9.828335682079430979e-01 9.828329478194905988e-01
5.891783567134267763e-01 9.826784068778069425e-01 9.826777887064370720e-01
5.911823647294588424e-01 9.825222097906628482e-01 9.825215938813222083e-01
5.931863727454909085e-01 9.823650121387340617e-01 9.823643985360110964e-01
5.951903807615229747e-01 9.822068496492992740e-01 9.822062383974164979e-01
5.971943887775550408e-01 9.820477585803040199e-01 9.820471497231114677e-01
5.991983967935871069e-01 9.818877757158878117e-01 9.818871692968555998e-01
6.012024048096191731e-01 9.817269383618290046e-01 9.817263344240407807e-01
6.032064128256512392e-01 9.815652843409051753e-01 9.815646829270512352e-01
6.052104208416833053e-01 9.814028519881733414e-01 9.814022531405436345e-01
6.072144288577153715e-01 9.812396801461674700e-01 9.812390839066453818e-01
6.092184368737474376e-01 9.810758081600167158e-01 9.810752145700718518e-01
6.112224448897795037e-01 9.809112758724830572e-01 9.809106849731653588e-01
6.132264529058115698e-01 9.807461236189205511e-01 9.807455354508529677e-01
6.152304609218436360e-01 9.805803922221565383e-01 9.805798068255290323e-01
6.172344689378757021e-01 9.804141229872951335e-01 9.804135404018584632e-01
6.192384769539077682e-01 9.802473576964446655e-01 9.802467779615038346e-01
6.212424849699398344e-01 9.800801386033691776e-01 9.800795617577772179e-01
6.232464929859719005e-01 9.799125084280654319e-01 9.799119345102171863e-01
6.252505010020039666e-01 9.797445103512656406e-01 9.797439393990921008e-01
6.272545090180360328e-01 9.795761880088679208e-01 9.795756200598295660e-01
6.292585170340680989e-01 9.794075854862934749e-01 9.794070205773747206e-01
6.312625250501001650e-01 9.792387473127731612e-01 9.792381854804764751e-01
6.332665330661322312e-01 9.790697184555637866e-01 9.790691597359039156e-01
6.352705410821642973e-01 9.789005443140946783e-01 9.788999887425928748e-01
6.372745490981963634e-01 9.787312707140458645e-01 9.787307183257242249e-01
6.392785571142284295e-01 9.785619439013585330e-01 9.785613947307343352e-01
6.412825651302604957e-01 9.783926105361792080e-01 9.783920646172596935e-01
6.432865731462925618e-01 9.782233176867374258e-01 9.782227750530143595e-01
6.452905811623246279e-01 9.780541128231603487e-01 9.780535735076045789e-01
6.472945891783566941e-01 9.778850438112212107e-01 9.778845078462775620e-01
6.492985971943887602e-01 9.777161589060279212e-01 9.777156263236098654e-01
6.513026052104208263e-01 9.775475067456471656e-01 9.775469775771320480e-01
6.533066132264528925e-01 9.773791363446698854e-01 9.773786106208938174e-01
6.553106212424849586e-01 9.772110970877160296e-01 9.772105748389688928e-01
6.573146292585170247e-01 9.770434387228809081e-01 9.770429199789015806e-01
6.593186372745490909e-01 9.768762113551237025e-01 9.768756961450955068e-01
6.613226452905811570e-01 9.767094654395997999e-01 9.767089537921455067e-01
6.633266533066132231e-01 9.765432517749368380e-01 9.765427437181147807e-01
6.653306613226452892e-01 9.763776214964577926e-01 9.763771170577566494e-01
6.673346693386772444e-01 9.762126260693488877e-01 9.762121252756841283e-01
6.693386773547093105e-01 9.760483172817763231e-01 9.760478201594852132e-01
6.713426853707413766e-01 9.758847472379515997e-01 9.758842538127895372e-01
6.733466933867734427e-01 9.757219683511467734e-01 9.757214786482827362e-01
6.753507014028055089e-01 9.755600333366599708e-01 9.755595473806729645e-01
6.773547094188375750e-01 9.753989952047346090e-01 9.753985130196094477e-01
6.793587174348696411e-01 9.752389072534297654e-01 9.752384288625536302e-01
6.813627254509017073e-01 9.750798230614470263e-01 9.750793484876052464e-01
6.833667334669337734e-01 9.749217964809111514e-01 9.749213257462839843e-01
6.853707414829658395e-01 9.747648816301085484e-01 9.747644147562675165e-01
6.873747494989979057e-01 9.746091328861825609e-01 9.746086698940872317e-01
6.893787575150299718e-01 9.744546048777888991e-01 9.744541457877834434e-01
6.913827655310620379e-01 9.743013524777102141e-01 9.743008973095200753e-01
6.933867735470941041e-01 9.741494307954318144e-01 9.741489795681607111e-01
6.953907815631261702e-01 9.739988951696815223e-01 9.739984479018080066e-01
6.973947895791582363e-01 9.738498011609306726e-01 9.738493578703059095e-01
6.993987975951903024e-01 9.737022045438620266e-01 9.737017652477064633e-01
7.014028056112223686e-01 9.735561612998027137e-01 9.735557260147036374e-01
7.034068136272544347e-01 9.734117276091249771e-01 9.734112963510337391e-01
7.054108216432865008e-01 9.732689598436146117e-01 9.732685326278439630e-01
7.074148296593185670e-01 9.731279145588096480e-01 9.731274914000315190e-01
7.094188376753506331e-01 9.729886484863101703e-01 9.729882293985532282e-01
7.114228456913826992e-01 9.728512185260589362e-01 9.728508035227065864e-01
7.134268537074147654e-01 9.727156817385971266e-01 9.727152708323850705e-01
7.154308617234468315e-01 9.725820953372928956e-01 9.725816885403073542e-01
7.174348697394788976e-01 9.724505166805468281e-01 9.724501140042224323e-01
7.194388777555109638e-01 9.723210032639743039e-01 9.723206047190922074e-01
7.214428857715430299e-01 9.721936127125653249e-01 9.721932183092519830e-01
7.234468937875750960e-01 9.720684027728245802e-01 9.720680125205495292e-01
7.254509018036071621e-01 9.719454313048919714e-01 9.719450452124669404e-01
7.274549098196392283e-01 9.718247562746452628e-01 9.718243743502223975e-01
7.294589178356712944e-01 9.717064357457860790e-01 9.717060579968564982e-01
7.314629258517033605e-01 9.715905278719096927e-01 9.715901543053026002e-01
7.334669338677354267e-01 9.714770908885612677e-01 9.714767215104428422e-01
7.354709418837674928e-01 9.713661831052793350e-01 9.713658179211516197e-01
7.374749498997995589e-01 9.712578628976261674e-01 9.712575019123265152e-01
7.394789579158316251e-01 9.711521886992097174e-01 9.711518319169092361e-01
7.414829659318636912e-01 9.710492189936941188e-01 9.710488664178981155e-01
7.434869739478957573e-01 9.709490123068045264e-01 9.709486639403510644e-01
7.454909819639278235e-01 9.708516271983232970e-01 9.708512830433830842e-01
7.474949899799598896e-01 9.707571222540819500e-01 9.707567823121581174e-01
7.494989979959919557e-01 9.706655560779486880e-01 9.706652203498763454e-01
7.515030060120240218e-01 9.705769872838129197e-01 9.705766557697591557e-01
7.535070140280560880e-01 9.704914744875684507e-01 9.704911471870321105e-01
7.555110220440881541e-01 9.704090762990962293e-01 9.704087532109081371e-01
7.575150300601202202e-01 9.703298513142478710e-01 9.703295324365710517e-01
7.595190380761522864e-01 9.702538581068316237e-01 9.702535434371615253e-01
7.615230460921843525e-01 9.701811552206018874e-01 9.701808447557669357e-01
7.635270541082164186e-01 9.701118011612532843e-01 9.701114948974151053e-01
7.655310621242484848e-01 9.700458543884211693e-01 9.700455523210752551e-01
7.675350701402805509e-01 9.699833733076884679e-01 9.699830754316651760e-01
7.695390781563125060e-01 9.699244162626023957e-01 9.699241225720673931e-01
7.715430861723445721e-01 9.698690415267000597e-01 9.698687520151555441e-01
7.735470941883766383e-01 9.698173072955457164e-01 9.698170219558314153e-01
7.755511022044087044e-01 9.697692716787797984e-01 9.697689905030738577e-01
7.775551102204407705e-01 9.697249926921821528e-01 9.697247156720025796e-01
7.795591182364728366e-01 9.696845282497500440e-01 9.696842553759561500e-01
7.815631262525049028e-01 9.696479361557919230e-01 9.696476674185854350e-01
7.835671342685369689e-01 9.696152740970387374e-01 9.696150094859656843e-01
7.855711422845690350e-01 9.695865996347745597e-01 9.695863391387267161e-01
7.875751503006011012e-01 9.695619701969858673e-01 9.695617138042025296e-01
7.895791583166331673e-01 9.695414430705329156e-01 9.695411907686030117e-01
7.915831663326652334e-01 9.695250753933432053e-01 9.695248271692070707e-01
7.935871743486972996e-01 9.695129241466284853e-01 9.695126799865797507e-01
7.955911823647293657e-01 9.695050461471267367e-01 9.695048060368149923e-01
7.975951903807614318e-01 9.695014980393701354e-01 9.695012619638025964e-01
7.995991983967934980e-01 9.695023362879799933e-01 9.695021042315244975e-01
8.016032064128255641e-01 9.695076171699913425e-01 9.695073891163781266e-01
8.036072144288576302e-01 9.695173967672057191e-01 9.695171726995306383e-01
8.056112224448896963e-01 9.695317309585760324e-01 9.695315108593030029e-01
8.076152304609217625e-01 9.695506754126230753e-01 9.695504592635868502e-01
8.096192384769538286e-01 9.695742855798860083e-01 9.695740733622947305e-01
8.116232464929858947e-01 9.696026166854060380e-01 9.696024083798449045e-01
8.136272545090179609e-01 9.696357237212477331e-01 9.696355193076816592e-01
8.156312625250500270e-01 9.696736614390556452e-01 9.696734608968324842e-01
8.176352705410820931e-01 9.697164843426501202e-01 9.697162876505038831e-01
8.196392785571141593e-01 9.697642466806617456e-01 9.697640538167159319e-01
8.216432865731462254e-01 9.698170024392063215e-01 9.698168133809779157e-01
8.236472945891782915e-01 9.698748053346022413e-01 9.698746200590043776e-01
8.256513026052103577e-01 9.699377088061295060e-01 9.699375272894756872e-01
8.276553106212424238e-01 9.700057660088330369e-01 9.700055882268410201e-01
8.296593186372744899e-01 9.700790298063719508e-01 9.700788557341670781e-01
8.316633266533065560e-01 9.701575527639133556e-01 9.701573823760332171e-01
8.336673346693386222e-01 9.702413871410754398e-01 9.702412204114730931e-01
8.356713426853706883e-01 9.703305848849169690e-01 9.703304217869654913e-01
8.376753507014027544e-01 9.704251976229778531e-01 9.704250381294747818e-01
8.396793587174348206e-01 9.705252766563698952e-01 9.705251207395412250e-01
8.416833667334668867e-01 9.706308729529189439e-01 9.706307205844235675e-01
8.436873747494989528e-01 9.707420371403605586e-01 9.707418882912947078e-01
8.456913827655310190e-01 9.708588194995888543e-01 9.708586741404910958e-01
8.476953907815630851e-01 9.709812699579610795e-01 9.709811280588163118e-01
8.496993987975951512e-01 9.711094380826575945e-01 9.711092996129023769e-01
8.517034068136272174e-01 9.712433730740993587e-01 9.712432380026264633e-01
8.537074148296592835e-01 9.713831237594235946e-01 9.713829920545871133e-01
8.557114228456913496e-01 9.715287385860180702e-01 9.715286102156380776e-01
8.577154308617234157e-01 9.716802656151164452e-01 9.716801405464845498e-01
8.597194388777554819e-01 9.718377525154542340e-01 9.718376307153383520e-01
8.617234468937875480e-01 9.720012465569868310e-01 9.720011279916370706e-01
8.637274549098196141e-01 9.721707946046719284e-01 9.721706792398251418e-01
8.657314629258516803e-01 9.723464431123142182e-01 9.723463309131999965e-01
8.677354709418837464e-01 9.725282381164772616e-01 9.725281290478233753e-01
8.697394789579158125e-01 9.727162252304600853e-01 9.727161192564979242e-01
8.717434869739478787e-01 9.729104496383419454e-01 9.729103467228121804e-01
8.737474949899798338e-01 9.731109560890939258e-01 9.731108561952522829e-01
8.757515030060118999e-01 9.733177888907607045e-01 9.733176919813841810e-01
8.777555110220439660e-01 9.735309919047117067e-01 9.735308979421035680e-01
8.797595190380760322e-01 9.737506085399627587e-01 9.737505174859595325e-01
8.817635270541080983e-01 9.739766817475701277e-01 9.739765935635471550e-01
8.837675350701401644e-01 9.742092540150968372e-01 9.742091686619741564e-01
8.857715430861722306e-01 9.744483673611522567e-01 9.744482847994013763e-01
8.877755511022042967e-01 9.746940633300065215e-01 9.746939835196563040e-01
8.897795591182363628e-01 9.749463829862795583e-01 9.749463058869226595e-01
8.917835671342684289e-01 9.752053669097068278e-01 9.752052924805060252e-01
8.937875751503004951e-01 9.754710551899814508e-01 9.754709833896760829e-01
8.957915831663325612e-01 9.757434874216740495e-01 9.757434182085868990e-01
8.977955911823646273e-01 9.760227026992317478e-01 9.760226360312751481e-01
8.997995991983966935e-01 9.763087396120549988e-01 9.763086754467380501e-01
9.018036072144287596e-01 9.766016362396564565e-01 9.766015745340912435e-01
9.038076152304608257e-01 9.769014301468988970e-01 9.769013708578077049e-01
9.058116232464928919e-01 9.772081583793160720e-01 9.772081014630378260e-01
9.078156312625249580e-01 9.775218574585148312e-01 9.775218028710125351e-01
9.098196392785570241e-01 9.778425633776609560e-01 9.778425110745282423e-01
9.118236472945890903e-01 9.781703115970487028e-01 9.781702615335170492e-01
9.138276553106211564e-01 9.785051370397549464e-01 9.785050891707010035e-01
9.158316633266532225e-01 9.788470740873776998e-01 9.788470283673298411e-01
9.178356713426852886e-01 9.791961565758616759e-01 9.791961129590077695e-01
9.198396793587173548e-01 9.795524177914095576e-01 9.795523762316038496e-01
9.218436873747494209e-01 9.799158904664805325e-01 9.799158509172515297e-01
9.238476953907814870e-01 9.802866067758769786e-01 9.802865691904336654e-01
9.258517034068135532e-01 9.806645983329186356e-01 9.806645626641593561e-01
9.278557114228456193e-01 9.810498961857074818e-01 9.810498623862264900e-01
9.298597194388776854e-01 9.814425308134804293e-01 9.814424988355756607e-01
9.318637274549097516e-01 9.818425321230535019e-01 9.818425019187337899e-01
9.338677354709418177e-01 9.822499294453556073e-01 9.822499009663488989e-01
9.358717434869738838e-01 9.826647515320551252e-01 9.826647247298158083e-01
9.378757515030059499e-01 9.830870265522767548e-01 9.830870013779932082e-01
9.398797595190380161e-01 9.835167820894116231e-01 9.835167584940142094e-01
9.418837675350700822e-01 9.839540451380203168e-01 9.839540230721890435e-01
9.438877755511021483e-01 9.843988421008287304e-01 9.843988215150012433e-01
9.458917835671342145e-01 9.848511987858182826e-01 9.848511796301975263e-01
9.478957915831662806e-01 9.853111404034099463e-01 9.853111226279720469e-01
9.498997995991983467e-01 9.857786915637435365e-01 9.857786751182457952e-01
9.519038076152304129e-01 9.862538762740516995e-01 9.862538611080406969e-01
9.539078156312624790e-01 9.867367179361297147e-01 9.867367039989489719e-01
9.559118236472945451e-01 9.872272393439013305e-01 9.872272265846997463e-01
9.579158316633266113e-01 9.877254626810807459e-01 9.877254510488203687e-01
9.599198396793586774e-01 9.882314095189316250e-01 9.882313989623959793e-01
9.619238476953907435e-01 9.887451008141232567e-01 9.887450912819251148e-01
9.639278557114228096e-01 9.892665569066834141e-01 9.892665483472731225e-01
9.659318637274548758e-01 9.897957975180501355e-01 9.897957898797238308e-01
9.679358717434869419e-01 9.903328417492206492e-01 9.903328349801286956e-01
9.699398797595190080e-01 9.908777080789992198e-01 9.908777021271540919e-01
9.719438877755510742e-01 9.914304143623432486e-01 9.914304091756275250e-01
9.739478957915831403e-01 9.919909778288085178e-01 9.919909733549836517e-01
9.759519038076150954e-01 9.925594150810935767e-01 9.925594112678080005e-01
9.779559118236471615e-01 9.931357420936832714e-01 9.931357388884808346e-01
9.799599198396792277e-01 9.937199742115923051e-01 9.937199715619204898e-01
9.819639278557112938e-01 9.943121261492084972e-01 9.943121240024266339e-01
9.839679358717433599e-01 9.949122119892355176e-01 9.949122102926228894e-01
9.859719438877754261e-01 9.955202451817362075e-01 9.955202438825010436e-01
9.879759519038074922e-01 9.961362385432763755e-01 9.961362375885638443e-01
9.899799599198395583e-01 9.967602042561686249e-01 9.967602035930691606e-01
9.919839679358716245e-01 9.973921538678167664e-01 9.973921534433747293e-01
9.939879759519036906e-01 9.980320982901614846e-01 9.980320980513832652e-01
9.959919839679357567e-01 9.986800477992257008e-01 9.986800476930884907e-01
9.979959919839678228e-01 9.993360120347620779e-01 9.993360120082217524e-01
1.000000000000000000e+00 1.000000000000000000e+00 1.000000000000000000e+00
