x U u
0.000000000000000000e+00 -1.289582288556706018e-12 0.000000000000000000e+00
2.004008016032063962e-03 -9.999918019637731546e-04 -9.999946691168458413e-04
4.008016032064127925e-03 -1.995959824679438294e-03 -1.995965613331786986e-03
6.012024048096191453e-03 -2.987896976280772238e-03 -2.987905739476395817e-03
8.016032064128255849e-03 -3.975796800134953277e-03 -3.975808590896825340e-03
1.002004008016032024e-02 -4.959653475879806546e-03 -4.959668347201465904e-03
1.202404809619238291e-02 -5.939461819070593514e-03 -5.939479823907752032e-03
1.402805611222444730e-02 -6.915217280725981935e-03 -6.915238471988105484e-03
1.603206412825651170e-02 -7.886915946773260036e-03 -7.886940377315201922e-03
1.803607214428857436e-02 -8.854554537392891195e-03 -8.854582260006498701e-03
2.004008016032064049e-02 -9.818130406262516249e-03 -9.818161473668266664e-03
2.204408817635270315e-02 -1.077764153970050230e-02 -1.077767600453914502e-02
2.404809619238476581e-02 -1.173308655570921843e-02 -1.173312447053343269e-02
2.605210420841683194e-02 -1.268446470291812421e-02 -1.268450612018417328e-02
2.805611222444889460e-02 -1.363177585942689993e-02 -1.363182083148633573e-02
3.006012024048096073e-02 -1.457502053154878519e-02 -1.457506911064011985e-02
3.206412825651302340e-02 -1.551419985245428186e-02 -1.551425209069473218e-02
3.406813627254508953e-02 -1.644931558071550948e-02 -1.644937153009272054e-02
3.607214428857714872e-02 -1.738037009875138122e-02 -1.738042981111518823e-02
3.807615230460921485e-02 -1.830736641117388860e-02 -1.830742993822809944e-02
4.008016032064128098e-02 -1.923030814303573061e-02 -1.923037553632991198e-02
4.208416833667334017e-02 -2.014919953797956673e-02 -2.014927084890089787e-02
4.408817635270540630e-02 -2.106404545628923555e-02 -2.106412073605433422e-02
4.609218436873747243e-02 -2.197485137284314535e-02 -2.197493067248995971e-02
4.809619238476953162e-02 -2.288162337497026688e-02 -2.288170674534999172e-02
5.010020040080159776e-02 -2.378436816020903025e-02 -2.378445565197803008e-02
5.210420841683366389e-02 -2.468309303396944848e-02 -2.468318469758123274e-02
5.410821643286573002e-02 -2.557780590709887031e-02 -2.557790179279610665e-02
5.611222444889778921e-02 -2.646851529335176798e-02 -2.646861545115829217e-02
5.811623246492985534e-02 -2.735523030676392103e-02 -2.735533478647682315e-02
6.012024048096192147e-02 -2.823796065893141582e-02 -2.823806951011313682e-02
6.212424849699398066e-02 -2.911671665619491867e-02 -2.911682992816540597e-02
6.412825651302604679e-02 -2.999150919672968069e-02 -2.999162693855855072e-02
6.613226452905811292e-02 -3.086234976754164555e-02 -3.086247202804040524e-02
6.813627254509017905e-02 -3.172925044137026723e-02 -3.172937726908458406e-02
7.014028056112224518e-02 -3.259222387349840211e-02 -3.259235531670041236e-02
7.214428857715429744e-02 -3.345128329846990684e-02 -3.345141940515054813e-02
7.414829659318636357e-02 -3.430644252671537220e-02 -3.430658334457677150e-02
7.615230460921842970e-02 -3.515771594108648562e-02 -3.515786151753443056e-02
7.815631262525049583e-02 -3.600511849329975783e-02 -3.600526887543615412e-02
8.016032064128256196e-02 -3.684866570028998145e-02 -3.684882093490536581e-02
8.216432865731462809e-02 -3.768837364047408767e-02 -3.768853377404024485e-02
8.416833667334668034e-02 -3.852425894992599076e-02 -3.852442402858857751e-02
8.617234468937874647e-02 -3.935633881846303805e-02 -3.935650888803422787e-02
8.817635270541081260e-02 -4.018463098564459962e-02 -4.018480609159589406e-02
9.018036072144287874e-02 -4.100915373668359565e-02 -4.100933392413855239e-02
9.218436873747494487e-02 -4.182992589827142643e-02 -4.183011121199853993e-02
9.418837675350701100e-02 -4.264696683431712376e-02 -4.264715731872270599e-02
9.619238476953906325e-02 -4.346029644160125799e-02 -4.346049214072242317e-02
9.819639278557112938e-02 -4.426993514534545426e-02 -4.427013610284311063e-02
1.002004008016031955e-01 -4.507590389469801756e-02 -4.507611015384994230e-02
1.022044088176352616e-01 -4.587822415813656157e-02 -4.587843576183056604e-02
1.042084168336673278e-01 -4.667691791878828683e-02 -4.667713490951539562e-02
1.062124248496993939e-01 -4.747200766966866436e-02 -4.747223008951638457e-02
1.082164328657314600e-01 -4.826351640883927430e-02 -4.826374429948492029e-02
1.102204408817635123e-01 -4.905146763448556269e-02 -4.905170103718967112e-02
1.122244488977955784e-01 -4.983588533991534231e-02 -4.983612429551510792e-02
1.142284569138276445e-01 -5.061679400847875210e-02 -5.061703855738153290e-02
1.162324649298597107e-01 -5.139421860841052875e-02 -5.139446879058749001e-02
1.182364729458917768e-01 -5.216818458759543004e-02 -5.216844044257516744e-02
1.202404809619238429e-01 -5.293871786825759401e-02 -5.293897943511986781e-02
1.222444889779558952e-01 -5.370584484157467364e-02 -5.370611215894423307e-02
1.242484969939879613e-01 -5.446959236221769057e-02 -5.446986546825814679e-02
1.262525050100200275e-01 -5.522998774281730194e-02 -5.523026667522506344e-02
1.282565130260520936e-01 -5.598705874835752799e-02 -5.598734354435583316e-02
1.302605210420841597e-01 -5.674083359049776620e-02 -5.674112428683079912e-02
1.322645290581162258e-01 -5.749134092182396627e-02 -5.749163755475098642e-02
1.342685370741482920e-01 -5.823860983002988184e-02 -5.823891243531950646e-02
1.362725450901803581e-01 -5.898266983202937047e-02 -5.898297844495391240e-02
1.382765531062124242e-01 -5.972355086800062302e-02 -5.972386552333048410e-02
1.402805611222444904e-01 -6.046128329536328699e-02 -6.046160402736144857e-02
1.422845691382765287e-01 -6.119589788268946923e-02 -6.119622472510603123e-02
1.442885771543085949e-01 -6.192742580354950593e-02 -6.192775878961638558e-02
1.462925851703406610e-01 -6.265589863029352724e-02 -6.265623779271917160e-02
1.482965931863727271e-01 -6.338134832776985694e-02 -6.338169369873404568e-02
1.503006012024047933e-01 -6.410380724698110100e-02 -6.410415885812983938e-02
1.523046092184368594e-01 -6.482330811867904885e-02 -6.482366600111960642e-02
1.543086172344689255e-01 -6.553988404689942149e-02 -6.554024823119529441e-02
1.563126252505009917e-01 -6.625356850243734053e-02 -6.625393901860351931e-02
1.583166332665330578e-01 -6.696439531626471875e-02 -6.696477219376281709e-02
1.603206412825651239e-01 -6.767239867289046029e-02 -6.767278194062414931e-02
1.623246492985971901e-01 -6.837761310366476109e-02 -6.837800278997514802e-02
1.643286573146292562e-01 -6.908007348002828674e-02 -6.908046961268940467e-02
1.663326653306613223e-01 -6.977981500670747683e-02 -6.978021761292188541e-02
1.683366733466933607e-01 -7.047687321485700263e-02 -7.047728232125148595e-02
1.703406813627254268e-01 -7.117128395515048833e-02 -7.117169958777180838e-02
1.723446893787574929e-01 -7.186308339082052299e-02 -7.186350557513131176e-02
1.743486973947895591e-01 -7.255230799064915637e-02 -7.255273675152394686e-02
1.763527054108216252e-01 -7.323899452191001691e-02 -7.323942988363117690e-02
1.783567134268536913e-01 -7.392318004326298153e-02 -7.392362202951693884e-02
1.803607214428857575e-01 -7.460490189760270174e-02 -7.460535053147618334e-02
1.823647294589178236e-01 -7.528419770486212415e-02 -7.528465300883842304e-02
1.843687374749498897e-01 -7.596110535477193504e-02 -7.596156735072745469e-02
1.863727454909819559e-01 -7.663566299957740025e-02 -7.663613170877811576e-02
1.883767535070140220e-01 -7.730790904671351604e-02 -7.730838448981160183e-02
1.903807615230460881e-01 -7.797788215143962309e-02 -7.797836434847021936e-02
1.923847695390781265e-01 -7.864562120943488499e-02 -7.864611017981287810e-02
1.943887775551101926e-01 -7.931116534935551965e-02 -7.931166111187248902e-02
1.963927855711422588e-01 -7.997455392535511576e-02 -7.997505649817639173e-02
1.983967935871743249e-01 -8.063582650956931108e-02 -8.063633591023100511e-02
2.004008016032063910e-01 -8.129502288456570691e-02 -8.129553912997200538e-02
2.024048096192384572e-01 -8.195218303576062846e-02 -8.195270614218111427e-02
2.044088176352705233e-01 -8.260734714380357779e-02 -8.260787712687059359e-02
2.064128256513025894e-01 -8.326055557693083642e-02 -8.326109245163704209e-02
2.084168336673346555e-01 -8.391184888328918901e-02 -8.391239266398520247e-02
2.104208416833667217e-01 -8.456126778323130866e-02 -8.456181848362336051e-02
2.124248496993987878e-01 -8.520885316158367806e-02 -8.520941079473152990e-02
2.144288577154308539e-01 -8.585464605988848974e-02 -8.585521063820331089e-02
2.164328657314629201e-01 -8.649868766862078839e-02 -8.649925920386318523e-02
2.184368737474949584e-01 -8.714101931938181278e-02 -8.714159782265999687e-02
2.204408817635270246e-01 -8.778168247707016092e-02 -8.778226795883814493e-02
2.224448897795590907e-01 -8.842071873203166676e-02 -8.842131120208764072e-02
2.244488977955911568e-01 -8.905816979218948715e-02 -8.905876925967425028e-02
2.264529058116232230e-01 -8.969407747515550922e-02 -8.969468394855101279e-02
2.284569138276552891e-01 -9.032848370032432739e-02 -9.032909718745237015e-02
2.304609218436873552e-01 -9.096143048095119144e-02 -9.096205098897214292e-02
2.324649298597194214e-01 -9.159295991621499433e-02 -9.159358745162662907e-02
2.344689378757514875e-01 -9.222311418326757659e-02 -9.222374875190413046e-02
2.364729458917835536e-01 -9.285193552927084593e-02 -9.285257713630203080e-02
2.384769539078156197e-01 -9.347946626342264198e-02 -9.348011491335279921e-02
2.404809619238476859e-01 -9.410574874897278952e-02 -9.410640444564026541e-02
2.424849699398797520e-01 -9.473082539523068613e-02 -9.473148814180713806e-02
2.444889779559117904e-01 -9.535473864956543755e-02 -9.535540844855537601e-02
2.464929859719438565e-01 -9.597753098940006722e-02 -9.597820784264043947e-02
2.484969939879759226e-01 -9.659924491420092407e-02 -9.659992882286086435e-02
2.505010020040079888e-01 -9.721992293746360703e-02 -9.722061390204415898e-02
2.525050100200400549e-01 -9.783960757869659963e-02 -9.784030559903074409e-02
2.545090180360721210e-01 -9.845834135540408594e-02 -9.845904643065672701e-02
2.565130260521041872e-01 -9.907616677506896063e-02 -9.907687890373702289e-02
2.585170340681362533e-01 -9.969312632713749067e-02 -9.969384550705019665e-02
2.605210420841683194e-01 -1.003092624750067940e-01 -1.003099887033259974e-01
2.625250501002003856e-01 -1.009246176480164958e-01 -1.009253509212371253e-01
2.645290581162324517e-01 -1.015392342334457548e-01 -1.015399745473963833e-01
2.665330661322645178e-01 -1.021531545685169518e-01 -1.021539019183604485e-01
2.685370741482965840e-01 -1.027664209324073707e-01 -1.027671753126416787e-01
2.705410821643286501e-01 -1.033790755382699988e-01 -1.033798369427289671e-01
2.725450901803607162e-01 -1.039911605252648030e-01 -1.039919289471192276e-01
2.745490981963927823e-01 -1.046027179506018728e-01 -1.046034933823605378e-01
2.765531062124248485e-01 -1.052137897815973583e-01 -1.052145722151082291e-01
2.785571142284569146e-01 -1.058244178877437852e-01 -1.058252073141952992e-01
2.805611222444889807e-01 -1.064346440327958582e-01 -1.064354404427183542e-01
2.825651302605209914e-01 -1.070445098668730138e-01 -1.070453132501401616e-01
2.845691382765530575e-01 -1.076540569185800433e-01 -1.076548672644104948e-01
2.865731462925851236e-01 -1.082633265871467965e-01 -1.082641438841059206e-01
2.885771543086171897e-01 -1.088723601345886471e-01 -1.088731843705903202e-01
2.905811623246492559e-01 -1.094811986778885943e-01 -1.094820298401970871e-01
2.925851703406813220e-01 -1.100898831812023304e-01 -1.100907212564343762e-01
2.945891783567133881e-01 -1.106984544480875687e-01 -1.106992994222144727e-01
2.965931863727454543e-01 -1.113069531137588913e-01 -1.113078049721086954e-01
2.985971943887775204e-01 -1.119154196373691457e-01 -1.119162783646290710e-01
3.006012024048095865e-01 -1.125238942943189296e-01 -1.125247598745376665e-01
3.026052104208416527e-01 -1.131324171685950397e-01 -1.131332895851853981e-01
3.046092184368737188e-01 -1.137410281451393945e-01 -1.137419073808808856e-01
3.066132264529057849e-01 -1.143497669022494889e-01 -1.143506529392910309e-01
3.086172344689378511e-01 -1.149586729040115579e-01 -1.149595657238743213e-01
3.106212424849699172e-01 -1.155677853927677134e-01 -1.155686849763480767e-01
3.126252505010019833e-01 -1.161771433816183169e-01 -1.161780497091908781e-01
3.146292585170340494e-01 -1.167867856469606280e-01 -1.167876986981812998e-01
3.166332665330661156e-01 -1.173967507210649380e-01 -1.173976704749742361e-01
3.186372745490981817e-01 -1.180070768846895463e-01 -1.180080033197158651e-01
3.206412825651302478e-01 -1.186178021597354693e-01 -1.186187352536984818e-01
3.226452905811623140e-01 -1.192289643019422557e-01 -1.192299040320565356e-01
3.246492985971943801e-01 -1.198406007936260731e-01 -1.198415471365045781e-01
3.266533066132264462e-01 -1.204527488364609406e-01 -1.204537017681187733e-01
3.286573146292585124e-01 -1.210654453443046757e-01 -1.210664048401629417e-01
3.306613226452905785e-01 -1.216787269360703611e-01 -1.216796929709599850e-01
3.326653306613226446e-01 -1.222926299286445639e-01 -1.222936024768103147e-01
3.346693386773546552e-01 -1.229071903298535051e-01 -1.229081693649580753e-01
3.366733466933867214e-01 -1.235224438314782153e-01 -1.235234293266063987e-01
3.386773547094187875e-01 -1.241384258023196796e-01 -1.241394177299826040e-01
3.406813627254508536e-01 -1.247551712813153579e-01 -1.247561696134549258e-01
3.426853707414829198e-01 -1.253727149707078992e-01 -1.253737196787011732e-01
3.446893787575149859e-01 -1.259910912292673268e-01 -1.259921022839310401e-01
3.466933867735470520e-01 -1.266103340655675702e-01 -1.266113514371628168e-01
3.486973947895791182e-01 -1.272304771313185201e-01 -1.272315007895554739e-01
3.507014028056111843e-01 -1.278515537147548176e-01 -1.278525836287974782e-01
3.527054108216432504e-01 -1.284735967340821239e-01 -1.284746328725532294e-01
3.547094188376753165e-01 -1.290966387309820385e-01 -1.290976810619680615e-01
3.567134268537073827e-01 -1.297207118641768575e-01 -1.297217603552330845e-01
3.587174348697394488e-01 -1.303458479030549511e-01 -1.303469025212105059e-01
3.607214428857715149e-01 -1.309720782213578127e-01 -1.309731389331210694e-01
3.627254509018035811e-01 -1.315994337909299761e-01 -1.316005005622936930e-01
3.647294589178356472e-01 -1.322279451755325186e-01 -1.322290179719793346e-01
3.667334669338677133e-01 -1.328576425247214310e-01 -1.328587213112293053e-01
3.687374749498997795e-01 -1.334885555677914060e-01 -1.334896403088391692e-01
3.707414829659318456e-01 -1.341207136077864903e-01 -1.341218042673594513e-01
3.727454909819639117e-01 -1.347541455155781831e-01 -1.347552420571739296e-01
3.747494989979959779e-01 -1.353888797240122011e-01 -1.353899821106462620e-01
3.767535070140280440e-01 -1.360249442221243832e-01 -1.360260524163362239e-01
3.787575150300601101e-01 -1.366623665494274276e-01 -1.366634805132862507e-01
3.807615230460921762e-01 -1.373011737902684049e-01 -1.373022934853793120e-01
3.827655310621242424e-01 -1.379413925682587694e-01 -1.379425179557687287e-01
3.847695390781562530e-01 -1.385830490407773397e-01 -1.385841800813813751e-01
3.867735470941883191e-01 -1.392261688935471364e-01 -1.392273055474945731e-01
3.887775551102203853e-01 -1.398707773352869943e-01 -1.398719195623877587e-01
3.907815631262524514e-01 -1.405168990924388628e-01 -1.405180468520698944e-01
3.927855711422845175e-01 -1.411645584039715740e-01 -1.411657116550832369e-01
3.947895791583165837e-01 -1.418137790162619372e-01 -1.418149377173844317e-01
3.967935871743486498e-01 -1.424645841780536604e-01 -1.424657482873037950e-01
3.987975951903807159e-01 -1.431169966354955692e-01 -1.431181661105832281e-01
4.008016032064127820e-01 -1.437710386272592900e-01 -1.437722134254942052e-01
4.028056112224448482e-01 -1.444267318797372857e-01 -1.444279119580357817e-01
4.048096192384769143e-01 -1.450840976023223261e-01 -1.450852829172142588e-01
4.068136272545089804e-01 -1.457431564827689208e-01 -1.457443469904043387e-01
4.088176352705410466e-01 -1.464039286826371855e-01 -1.464051243387935464e-01
4.108216432865731127e-01 -1.470664338328205034e-01 -1.470676345929095297e-01
4.128256513026051788e-01 -1.477306910291570630e-01 -1.477318968482317918e-01
4.148296593186372450e-01 -1.483967188281262450e-01 -1.483979296608882725e-01
4.168336673346693111e-01 -1.490645352426306913e-01 -1.490657510434372779e-01
4.188376753507013772e-01 -1.497341577378644151e-01 -1.497353784607357019e-01
4.208416833667334433e-01 -1.504056032272677312e-01 -1.504068288258941233e-01
4.228456913827655095e-01 -1.510788880685697555e-01 -1.510801184963191102e-01
4.248496993987975756e-01 -1.517540280599189439e-01 -1.517552632698441206e-01
4.268537074148296417e-01 -1.524310384361023396e-01 -1.524322783809485826e-01
4.288577154308617079e-01 -1.531099338648542751e-01 -1.531111784970666800e-01
4.308617234468937740e-01 -1.537907284432547539e-01 -1.537919777149858169e-01
4.328657314629258401e-01 -1.544734356942185083e-01 -1.544746895573357592e-01
4.348697394789579063e-01 -1.551580685630749579e-01 -1.551593269691685373e-01
4.368737474949899169e-01 -1.558446394142397884e-01 -1.558459023146301081e-01
4.388777555110219830e-01 -1.565331600279786795e-01 -1.565344273737242498e-01
4.408817635270540491e-01 -1.572236415972635692e-01 -1.572249133391686038e-01
4.428857715430861153e-01 -1.579160947247220392e-01 -1.579173708133443377e-01
4.448897795591181814e-01 -1.586105294196803184e-01 -1.586118098053391212e-01
4.468937875751502475e-01 -1.593069550953003788e-01 -1.593082397280842777e-01
4.488977955911823137e-01 -1.600053805658115669e-01 -1.600066693955863040e-01
4.509018036072143798e-01 -1.607058140438370475e-01 -1.607071070202535090e-01
4.529058116232464459e-01 -1.614082631378157551e-01 -1.614095602103180482e-01
4.549098196392785121e-01 -1.621127348495202125e-01 -1.621140359673535203e-01
4.569138276553105782e-01 -1.628192355716703288e-01 -1.628205406838890701e-01
4.589178356713426443e-01 -1.635277710856438416e-01 -1.635290801411197203e-01
4.609218436873747105e-01 -1.642383465592838487e-01 -1.642396595067139031e-01
4.629258517034067766e-01 -1.649509665448032347e-01 -1.649522833327181082e-01
4.649298597194388427e-01 -1.656656349767871850e-01 -1.656669555535591754e-01
4.669338677354709088e-01 -1.663823551702932890e-01 -1.663836794841445088e-01
4.689378757515029750e-01 -1.671011298190498151e-01 -1.671024578180605458e-01
4.709418837675350411e-01 -1.678219609937528778e-01 -1.678232926258696189e-01
4.729458917835671072e-01 -1.685448501404619159e-01 -1.685461853535057952e-01
4.749498997995991734e-01 -1.692697980790945356e-01 -1.692711368207694966e-01
4.769539078156312395e-01 -1.699968050020205790e-01 -1.699981472199216526e-01
4.789579158316633056e-01 -1.707258704727554199e-01 -1.707272161143770783e-01
4.809619238476953718e-01 -1.714569934247533456e-01 -1.714583424374978571e-01
4.829659318637274379e-01 -1.721901721603006086e-01 -1.721915244914862808e-01
4.849699398797595040e-01 -1.729254043495084825e-01 -1.729267599463781280e-01
4.869739478957915702e-01 -1.736626870294068481e-01 -1.736640458391360275e-01
4.889779559118235808e-01 -1.744020166031378105e-01 -1.744033785728432706e-01
4.909819639278556469e-01 -1.751433888392499583e-01 -1.751447539159980971e-01
4.929859719438877130e-01 -1.758867988710932917e-01 -1.758881670019084575e-01
4.949899799599197792e-01 -1.766322411963147931e-01 -1.766336123281876946e-01
4.969939879759518453e-01 -1.773797096764548609e-01 -1.773810837563509213e-01
4.989979959919839114e-01 -1.781291975366443847e-01 -1.781305745115122907e-01
5.010020040080159776e-01 -1.788806973654030186e-01 -1.788820771821829636e-01
5.030060120240480437e-01 -1.796342011145380668e-01 -1.796355837201702998e-01
5.050100200400801098e-01 -1.803897000991446786e-01 -1.803910854405778030e-01
5.070140280561121759e-01 -1.811471849977066284e-01 -1.811485730219061230e-01
5.090180360721442421e-01 -1.819066458522982932e-01 -1.819080365062548110e-01
5.110220440881763082e-01 -1.826680720688873549e-01 -1.826694652996252999e-01
5.130260521042083743e-01 -1.834314524177385608e-01 -1.834328481723242477e-01
5.150300601202404405e-01 -1.841967750339180143e-01 -1.841981732594681898e-01
5.170340681362725066e-01 -1.849640274178982746e-01 -1.849654280615886104e-01
5.190380761523045727e-01 -1.857331964362642918e-01 -1.857345994453375171e-01
5.210420841683366389e-01 -1.865042683225194009e-01 -1.865056736442938790e-01
5.230460921843687050e-01 -1.872772286779921247e-01 -1.872786362598700960e-01
5.250501002004007711e-01 -1.880520624728428958e-01 -1.880534722623188604e-01
5.270541082164328373e-01 -1.888287540471710046e-01 -1.888301659918399933e-01
5.290581162324649034e-01 -1.896072871122213843e-01 -1.896087011597873406e-01
5.310621242484969695e-01 -1.903876447516911208e-01 -1.903890608499751447e-01
5.330661322645290356e-01 -1.911698094231354672e-01 -1.911712275200840860e-01
5.350701402805611018e-01 -1.919537629594731121e-01 -1.919551830031665796e-01
5.370741482965931679e-01 -1.927394865705903959e-01 -1.927409085092508523e-01
5.390781563126252340e-01 -1.935269608450445045e-01 -1.935283846270442476e-01
5.410821643286573002e-01 -1.943161657518649998e-01 -1.943175913257346177e-01
5.430861723446893663e-01 -1.951070806424536064e-01 -1.951085079568902203e-01
5.450901803607214324e-01 -1.958996842525820292e-01 -1.959011132564573154e-01
5.470941883767534986e-01 -1.966939547044871950e-01 -1.966953853468555724e-01
5.490981963927855647e-01 -1.974898695090639700e-01 -1.974913017391706216e-01
5.511022044088176308e-01 -1.982874055681545233e-01 -1.982888393354435286e-01
5.531062124248496970e-01 -1.990865391769346127e-01 -1.990879744310569133e-01
5.551102204408817631e-01 -1.998872460263957929e-01 -1.998886827172171032e-01
5.571142284569138292e-01 -2.006895012059234928e-01 -2.006909392835323769e-01
5.591182364729458953e-01 -2.014932792059704048e-01 -2.014947186206861030e-01
5.611222444889779615e-01 -2.022985539208250194e-01 -2.022999946232053592e-01
5.631262525050100276e-01 -2.031052986514744474e-01 -2.031067405923236702e-01
5.651302605210419827e-01 -2.039134861085614425e-01 -2.039149292389380308e-01
5.671342685370740488e-01 -2.047230884154351283e-01 -2.047245326866595216e-01
5.691382765531061150e-01 -2.055340771112945109e-01 -2.055355224749568777e-01
5.711422845691381811e-01 -2.063464231544248628e-01 -2.063478695623926773e-01
5.731462925851702472e-01 -2.071600969255261715e-01 -2.071615443299519854e-01
5.751503006012023134e-01 -2.079750682311331811e-01 -2.079765165844620345e-01
5.771543086172343795e-01 -2.087913063071262787e-01 -2.087927555621034159e-01
5.791583166332664456e-01 -2.096087798223331133e-01 -2.096102299320113937e-01
5.811623246492985118e-01 -2.104274568822199210e-01 -2.104289077999672297e-01
5.831663326653305779e-01 -2.112473050326723334e-01 -2.112487567121790477e-01
5.851703406813626440e-01 -2.120682912638647277e-01 -2.120697436591510165e-01
5.871743486973947102e-01 -2.128903820142178382e-01 -2.128918350796409342e-01
5.891783567134267763e-01 -2.137135431744437153e-01 -2.137149968647052423e-01
5.911823647294588424e-01 -2.145377400916776978e-01 -2.145391943618307207e-01
5.931863727454909085e-01 -2.153629375736963170e-01 -2.153643923791525028e-01
5.951903807615229747e-01 -2.161890998932209373e-01 -2.161905551897577438e-01
5.971943887775550408e-01 -2.170161907923061073e-01 -2.170176465360736107e-01
5.991983967935871069e-01 -2.178441734868120649e-01 -2.178456296343400933e-01
6.012024048096191731e-01 -2.186730106709607602e-01 -2.186744671791656380e-01
6.032064128256512392e-01 -2.195026645219743944e-01 -2.195041213481658815e-01
6.052104208416833053e-01 -2.203330967047961164e-01 -2.203345538066840692e-01
6.072144288577153715e-01 -2.211642683768918483e-01 -2.211657257125930198e-01
6.092184368737474376e-01 -2.219961401931324629e-01 -2.219975977211771645e-01
6.112224448897795037e-01 -2.228286723107560097e-01 -2.228301299900945498e-01
6.132264529058115698e-01 -2.236618243944083484e-01 -2.236632821844176111e-01
6.152304609218436360e-01 -2.244955556212621661e-01 -2.244970134817521057e-01
6.172344689378757021e-01 -2.253298246862134036e-01 -2.253312825774333450e-01
6.192384769539077682e-01 -2.261645898071537042e-01 -2.261660476897986993e-01
6.212424849699398344e-01 -2.269998087303190804e-01 -2.270012665655360973e-01
6.232464929859719005e-01 -2.278354387357126865e-01 -2.278368964851067435e-01
6.252505010020039666e-01 -2.286714366426021439e-01 -2.286728942682425547e-01
6.272545090180360328e-01 -2.295077588150896131e-01 -2.295092162795157598e-01
6.292585170340680989e-01 -2.303443611677538083e-01 -2.303458184339812753e-01
6.312625250501001650e-01 -2.311811991713638437e-01 -2.311826562028901910e-01
6.332665330661322312e-01 -2.320182278586629121e-01 -2.320196846194734486e-01
6.352705410821642973e-01 -2.328554018302216311e-01 -2.328568582847952151e-01
6.372745490981963634e-01 -2.336926752603600554e-01 -2.336941313736745907e-01
6.392785571142284295e-01 -2.345300019031369698e-01 -2.345314576406750950e-01
6.412825651302604957e-01 -2.353673350984059331e-01 -2.353687904261604624e-01
6.432865731462925618e-01 -2.362046277779371595e-01 -2.362060826624163834e-01
6.452905811623246279e-01 -2.370418324716038749e-01 -2.370432868798369730e-01
6.472945891783566941e-01 -2.378789013136324293e-01 -2.378803552131746601e-01
6.492985971943887602e-01 -2.387157860489152461e-01 -2.387172394078530269e-01
6.513026052104208263e-01 -2.395524380393854180e-01 -2.395538908263415423e-01
6.533066132264528925e-01 -2.403888082704520035e-01 -2.403902604545904709e-01
6.553106212424849586e-01 -2.412248473574951091e-01 -2.412262989085260378e-01
6.573146292585170247e-01 -2.420605055524195359e-01 -2.420619564406039925e-01
6.593186372745490909e-01 -2.428957327502660191e-01 -2.428971829464208476e-01
6.613226452905811570e-01 -2.437304784958793380e-01 -2.437319279713815179e-01
6.633266533066132231e-01 -2.445646919906315220e-01 -2.445661407174229696e-01
6.653306613226452892e-01 -2.453983220991998448e-01 -2.453997700497916878e-01
6.673346693386772444e-01 -2.462313173563979440e-01 -2.462327645038749346e-01
6.693386773547093105e-01 -2.470636259740596197e-01 -2.470650722920845199e-01
6.713426853707413766e-01 -2.478951958479733431e-01 -2.478966413107909217e-01
6.733466933867734427e-01 -2.487259745648672526e-01 -2.487274191473083929e-01
6.753507014028055089e-01 -2.495559094094429720e-01 -2.495573530869287793e-01
6.773547094188375750e-01 -2.503849473714574447e-01 -2.503863901200030218e-01
6.793587174348696411e-01 -2.512130351528513161e-01 -2.512144769490696206e-01
6.813627254509017073e-01 -2.520401191749231384e-01 -2.520415599960286746e-01
6.833667334669337734e-01 -2.528661455855480411e-01 -2.528675854093606068e-01
6.853707414829658395e-01 -2.536910602664397274e-01 -2.536924990713877448e-01
6.873747494989979057e-01 -2.545148088404546871e-01 -2.545162466055786443e-01
6.893787575150299718e-01 -2.553373366789373211e-01 -2.553387733838931584e-01
6.913827655310620379e-01 -2.561585889091050894e-01 -2.561600245341673077e-01
6.933867735470941041e-01 -2.569785104214723503e-01 -2.569799449475373976e-01
6.953907815631261702e-01 -2.577970458773116702e-01 -2.577984792859007168e-01
6.973947895791582363e-01 -2.586141397161515476e-01 -2.586155719894134841e-01
6.993987975951903024e-01 -2.594297361633092214e-01 -2.594311672840236005e-01
7.014028056112223686e-01 -2.602437792374575065e-01 -2.602452091890370411e-01
7.034068136272544347e-01 -2.610562127582242709e-01 -2.610576415247177207e-01
7.054108216432865008e-01 -2.618669803538236640e-01 -2.618684079199182224e-01
7.074148296593185670e-01 -2.626760254687175444e-01 -2.626774518197412811e-01
7.094188376753506331e-01 -2.634832913713059943e-01 -2.634847164932302421e-01
7.114228456913826992e-01 -2.642887211616460896e-01 -2.642901450410876096e-01
7.134268537074147654e-01 -2.650922577791968160e-01 -2.650936804034198513e-01
7.154308617234468315e-01 -2.658938440105899081e-01 -2.658952653675083488e-01
7.174348697394788976e-01 -2.666934224974247258e-01 -2.666948425756039409e-01
7.194388777555109638e-01 -2.674909357440860558e-01 -2.674923545327447250e-01
7.214428857715430299e-01 -2.682863261255838405e-01 -2.682877436145957306e-01
7.234468937875750960e-01 -2.690795358954134464e-01 -2.690809520753087991e-01
7.254509018036071621e-01 -2.698705071934348609e-01 -2.698719220554021136e-01
7.274549098196392283e-01 -2.706591820537702642e-01 -2.706605955896573823e-01
7.294589178356712944e-01 -2.714455024127181981e-01 -2.714469146150340073e-01
7.314629258517033605e-01 -2.722294101166832792e-01 -2.722308209785985755e-01
7.334669338677354267e-01 -2.730108469301203433e-01 -2.730122564454688927e-01
7.354709418837674928e-01 -2.737897545434909707e-01 -2.737911627067708964e-01
7.374749498997995589e-01 -2.745660745812327774e-01 -2.745674813876067821e-01
7.394789579158316251e-01 -2.753397486097379776e-01 -2.753411540550346759e-01
7.414829659318636912e-01 -2.761107181453421600e-01 -2.761121222260564667e-01
7.434869739478957573e-01 -2.768789246623204470e-01 -2.768803273756141881e-01
7.454909819639278235e-01 -2.776443096008903710e-01 -2.776457109445927829e-01
7.474949899799598896e-01 -2.784068143752204683e-01 -2.784082143478284754e-01
7.494989979959919557e-01 -2.791663803814424805e-01 -2.791677789821209732e-01
7.515030060120240218e-01 -2.799229490056669989e-01 -2.799243462342489441e-01
7.535070140280560880e-01 -2.806764616320001626e-01 -2.806778574889866595e-01
7.555110220440881541e-01 -2.814268596505611897e-01 -2.814282541371212476e-01
7.575150300601202202e-01 -2.821740844654983538e-01 -2.821754775834690587e-01
7.595190380761522864e-01 -2.829180775030034067e-01 -2.829194692548892553e-01
7.615230460921843525e-01 -2.836587802193218932e-01 -2.836601706082945151e-01
7.635270541082164186e-01 -2.843961341087592465e-01 -2.843975231386570157e-01
7.655310621242484848e-01 -2.851300807116802782e-01 -2.851314683870075362e-01
7.675350701402805509e-01 -2.858605616225018964e-01 -2.858619479484283410e-01
7.695390781563125060e-01 -2.865875184976768297e-01 -2.865889034800367385e-01
7.715430861723445721e-01 -2.873108930636680269e-01 -2.873122767089592022e-01
7.735470941883766383e-01 -2.880306271249113426e-01 -2.880320094402941122e-01
7.755511022044087044e-01 -2.887466625717661772e-01 -2.887480435650623956e-01
7.775551102204407705e-01 -2.894589413884526841e-01 -2.894603210681442884e-01
7.795591182364728366e-01 -2.901674056609737096e-01 -2.901687840362014992e-01
7.815631262525049028e-01 -2.908719975850208583e-01 -2.908733746655829400e-01
7.835671342685369689e-01 -2.915726594738629052e-01 -2.915740352702133054e-01
7.855711422845690350e-01 -2.922693337662159996e-01 -2.922707082894629993e-01
7.875751503006011012e-01 -2.929619630340936642e-01 -2.929633362959978005e-01
7.895791583166331673e-01 -2.936504899906355326e-01 -2.936518620036080440e-01
7.915831663326652334e-01 -2.943348574979141596e-01 -2.943362282750146552e-01
7.935871743486972996e-01 -2.950150085747176854e-01 -2.950163781296525900e-01
7.955911823647293657e-01 -2.956908864043081842e-01 -2.956922547514281296e-01
7.975951903807614318e-01 -2.963624343421536467e-01 -2.963638014964511957e-01
7.995991983967934980e-01 -2.970295959236324834e-01 -2.970309619007400759e-01
8.016032064128255641e-01 -2.976923148717099399e-01 -2.976936796878970615e-01
8.036072144288576302e-01 -2.983505351045843690e-01 -2.983518987767552200e-01
8.056112224448896963e-01 -2.990042007433029170e-01 -2.990055632889936366e-01
8.076152304609217625e-01 -2.996532561193446242e-01 -2.996546175567205150e-01
8.096192384769538286e-01 -3.002976457821706080e-01 -3.002990061300232494e-01
8.116232464929858947e-01 -3.009373145067393840e-01 -3.009386737844836901e-01
8.136272545090179609e-01 -3.015722073009864945e-01 -3.015735655286576611e-01
8.156312625250500270e-01 -3.022022694132673326e-01 -3.022036266115175063e-01
8.176352705410820931e-01 -3.028274463397616079e-01 -3.028288025298567776e-01
8.196392785571141593e-01 -3.034476838318387881e-01 -3.034490390356553435e-01
8.216432865731462254e-01 -3.040629279033828514e-01 -3.040642821434041410e-01
8.236472945891782915e-01 -3.046731248380756263e-01 -3.046744781373883493e-01
8.256513026052103577e-01 -3.052782211966371673e-01 -3.052795735789277654e-01
8.276553106212424238e-01 -3.058781638240223311e-01 -3.058795153135731582e-01
8.296593186372744899e-01 -3.064728998565722229e-01 -3.064742504782577703e-01
8.316633266533065560e-01 -3.070623767291194017e-01 -3.070637265084023571e-01
8.336673346693386222e-01 -3.076465421820460677e-01 -3.076478911449732068e-01
8.356713426853706883e-01 -3.082253442682932332e-01 -3.082266924414913678e-01
8.376753507014027544e-01 -3.087987313603210993e-01 -3.088000787709928030e-01
8.396793587174348206e-01 -3.093666521570178074e-01 -3.093679988329370301e-01
8.416833667334668867e-01 -3.099290556905574534e-01 -3.099304016600654132e-01
8.436873747494989528e-01 -3.104858913332045889e-01 -3.104872366252048876e-01
8.456913827655310190e-01 -3.110371088040650434e-01 -3.110384534480192809e-01
8.476953907815630851e-01 -3.115826581757815128e-01 -3.115840022017046795e-01
8.496993987975951512e-01 -3.121224898811736370e-01 -3.121238333196293402e-01
8.517034068136272174e-01 -3.126565547198205119e-01 -3.126578976019159239e-01
8.537074148296592835e-01 -3.131848038645849153e-01 -3.131861462219661107e-01
8.557114228456913496e-01 -3.137071888680790788e-01 -3.137085307329257611e-01
8.577154308617234157e-01 -3.142236616690693429e-01 -3.142250030740899591e-01
8.597194388777554819e-01 -3.147341745988203043e-01 -3.147355155772467716e-01
8.617234468937875480e-01 -3.152386803873762910e-01 -3.152400209729587788e-01
8.637274549098196141e-01 -3.157371321697799993e-01 -3.157384723967814333e-01
8.657314629258516803e-01 -3.162294834922264597e-01 -3.162308233954171932e-01
8.677354709418837464e-01 -3.167156883181522220e-01 -3.167170279328045401e-01
8.697394789579158125e-01 -3.171957010342580929e-01 -3.171970403961406615e-01
8.717434869739478787e-01 -3.176694764564650941e-01 -3.176708156018371310e-01
8.737474949899798338e-01 -3.181369698358019193e-01 -3.181383088014076432e-01
8.757515030060118999e-01 -3.185981368642238909e-01 -3.185994756872865263e-01
8.777555110220439660e-01 -3.190529336803616944e-01 -3.190542723985777540e-01
8.797595190380760322e-01 -3.195013168751993926e-01 -3.195026555267325152e-01
8.817635270541080983e-01 -3.199432434976807182e-01 -3.199445821211556185e-01
8.837675350701401644e-01 -3.203786710602427590e-01 -3.203800096947392317e-01
8.857715430861722306e-01 -3.208075575442760341e-01 -3.208088962293226265e-01
8.877755511022042967e-01 -3.212298614055105195e-01 -3.212312001810784245e-01
8.897795591182363628e-01 -3.216455415793261219e-01 -3.216468804858228503e-01
8.917835671342684289e-01 -3.220545574859875471e-01 -3.220558965642502103e-01
8.937875751503004951e-01 -3.224568690358016743e-01 -3.224582083270908228e-01
8.957915831663325612e-01 -3.228524366341977703e-01 -3.228537761801906214e-01
8.977955911823646273e-01 -3.232412211867289886e-01 -3.232425610295130980e-01
8.997995991983966935e-01 -3.236231841039945434e-01 -3.236245242860609217e-01
9.018036072144287596e-01 -3.239982873064819469e-01 -3.239996278707183985e-01
9.038076152304608257e-01 -3.243664932293283121e-01 -3.243678342190126074e-01
9.058116232464928919e-01 -3.247277648270000538e-01 -3.247291062857931010e-01
9.078156312625249580e-01 -3.250820655778902668e-01 -3.250834075498291731e-01
9.098196392785570241e-01 -3.254293594888330587e-01 -3.254307020183241361e-01
9.118236472945890903e-01 -3.257696110995340621e-01 -3.257709542313458884e-01
9.138276553106211564e-01 -3.261027854869167353e-01 -3.261041292661728264e-01
9.158316633266532225e-01 -3.264288482693827875e-01 -3.264301927415546034e-01
9.178356713426852886e-01 -3.267477656109875062e-01 -3.267491108218873452e-01
9.198396793587173548e-01 -3.270595042255283191e-01 -3.270608502213018798e-01
9.218436873747494209e-01 -3.273640313805460944e-01 -3.273653782076650920e-01
9.238476953907814870e-01 -3.276613149012385651e-01 -3.276626626064935155e-01
9.258517034068135532e-01 -3.279513231742856028e-01 -3.279526718047784950e-01
9.278557114228456193e-01 -3.282340251515855067e-01 -3.282353747547220868e-01
9.298597194388776854e-01 -3.285093903539012539e-01 -3.285107409773836418e-01
9.318637274549097516e-01 -3.287773888744169870e-01 -3.287787405662361828e-01
9.338677354709418177e-01 -3.290379913822035762e-01 -3.290393441906316330e-01
9.358717434869738838e-01 -3.292911691255928641e-01 -3.292925230991755048e-01
9.378757515030059499e-01 -3.295368939354602067e-01 -3.295382491230088307e-01
9.398797595190380161e-01 -3.297751382284142552e-01 -3.297764946789984997e-01
9.418837675350700822e-01 -3.300058750098945337e-01 -3.300072327728342803e-01
9.438877755511021483e-01 -3.302290778771750368e-01 -3.302304370020328061e-01
9.458917835671342145e-01 -3.304447210222744569e-01 -3.304460815588473599e-01
9.478957915831662806e-01 -3.306527792347716543e-01 -3.306541412330834540e-01
9.498997995991983467e-01 -3.308532279045269253e-01 -3.308545914148203759e-01
9.519038076152304129e-01 -3.310460430243076235e-01 -3.310474080970361443e-01
9.539078156312624790e-01 -3.312312011923184696e-01 -3.312325678781384841e-01
9.559118236472945451e-01 -3.314086796146357705e-01 -3.314100479643984354e-01
9.579158316633266113e-01 -3.315784561075451609e-01 -3.315798261722884277e-01
9.599198396793586774e-01 -3.317405090997830319e-01 -3.317418809307235983e-01
9.619238476953907435e-01 -3.318948176346802614e-01 -3.318961912832052441e-01
9.639278557114228096e-01 -3.320413613722089652e-01 -3.320427368898679066e-01
9.659318637274548758e-01 -3.321801205909310495e-01 -3.321814980294277575e-01
9.679358717434869419e-01 -3.323110761898493415e-01 -3.323124556010336184e-01
9.699398797595190080e-01 -3.324342096901595212e-01 -3.324355911260190588e-01
9.719438877755510742e-01 -3.325495032369042980e-01 -3.325508867495562404e-01
9.739478957915831403e-01 -3.326569396005278900e-01 -3.326583252422107284e-01
9.759519038076150954e-01 -3.327565021783317478e-01 -3.327578900013970498e-01
9.779559118236471615e-01 -3.328481749958308034e-01 -3.328495650527348859e-01
9.799599198396792277e-01 -3.329319427080104088e-01 -3.329333350513058454e-01
9.819639278557112938e-01 -3.330077906004828558e-01 -3.330091852828105381e-01
9.839679358717433599e-01 -3.330757045905445302e-01 -3.330771016646248972e-01
9.859719438877754261e-01 -3.331356712281324794e-01 -3.331370707467574133e-01
9.879759519038074922e-01 -3.331876776966810061e-01 -3.331890797127053383e-01
9.899799599198395583e-01 -3.332317118138775069e-01 -3.332331163802106921e-01
9.919839679358716245e-01 -3.332677620323180601e-01 -3.332691692019158491e-01
9.939879759519036906e-01 -3.332958174400621476e-01 -3.332972272659179835e-01
9.959919839679357567e-01 -3.333158677610865706e-01 -3.333172802962234282e-01
9.979959919839678228e-01 -3.333279033556389992e-01 -3.333293186531008923e-01
1.000000000000000000e+00 -3.333319152204897717e-01 -3.333333333333333703e-01
