x U u
0.000000000000000000e+00 -2.120418088624451400e-10 0.000000000000000000e+00
2.004008016032063962e-03 2.011995299788458883e-06 2.009338899187224081e-06
4.008016032064127925e-03 8.047980599911434021e-06 8.042402700275674832e-06
6.012024048096191453e-03 1.811483701436567470e-05 1.810628457169990990e-05
8.016032064128255849e-03 3.221902117597397652e-05 3.220744116730345219e-05
1.002004008016032024e-02 5.036635344691034883e-05 5.035169287869248334e-05
1.202404809619238291e-02 7.256201827191168094e-05 7.254422418843942122e-05
1.402805611222444730e-02 9.881056463231111876e-05 9.878958412411903423e-05
1.603206412825651170e-02 1.291159066008208504e-04 1.290916868130556616e-04
1.803607214428857436e-02 1.634813239969767245e-04 1.634538121377884790e-04
2.004008016032064049e-02 2.019094631431407356e-04 2.018786064920535805e-04
2.204408817635270315e-02 2.444023377209409028e-04 2.443680836372065512e-04
2.404809619238476581e-02 2.909613297280140521e-04 2.909236256589502190e-04
2.605210420841683194e-02 3.415871905348983727e-04 3.415459840242426881e-04
2.805611222444889460e-02 3.962800420419086852e-04 3.962352807381115671e-04
3.006012024048096073e-02 4.550393779358121132e-04 4.549910096003605131e-04
3.206412825651302340e-02 5.178640650461027685e-04 5.178120375617795146e-04
3.406813627254508953e-02 5.847523448006628627e-04 5.846966061798242187e-04
3.607214428857714872e-02 6.557018347805763318e-04 6.556423331733861326e-04
3.807615230460921485e-02 7.307095303738531935e-04 7.306462140765079827e-04
4.008016032064128098e-02 8.097718065277961915e-04 8.097046239907285115e-04
4.208416833667334017e-02 8.928844195997378066e-04 8.928133194357722180e-04
4.408817635270540630e-02 9.800425093058515950e-04 9.799674402983689359e-04
4.609218436873747243e-02 1.071240600767726795e-03 1.071161511878776507e-03
4.809619238476953162e-02 1.166472606656386145e-03 1.166389447034774096e-03
5.010020040080159776e-02 1.265731829433404529e-03 1.265644548422768800e-03
5.210420841683366389e-02 1.369010963688771726e-03 1.368919510835599207e-03
5.410821643286573002e-02 1.476302098575131864e-03 1.476206423636758358e-03
5.611222444889778921e-02 1.587596720338011174e-03 1.587496773290602431e-03
5.811623246492985534e-02 1.702885714941635743e-03 1.702781445988104519e-03
6.012024048096192147e-02 1.822159370789916844e-03 1.822050730367823917e-03
6.212424849699398066e-02 1.945407381542179487e-03 1.945294320331584365e-03
6.412825651302604679e-02 2.072618849023186854e-03 2.072501317954472677e-03
6.613226452905811292e-02 2.203782286226990943e-03 2.203660236488651225e-03
6.813627254509017905e-02 2.338885620414146022e-03 2.338759003460505470e-03
7.014028056112224518e-02 2.477916196301781834e-03 2.477784963860710232e-03
7.214428857715429744e-02 2.620860779346039990e-03 2.620724883426604063e-03
7.414829659318636357e-02 2.767705559116352253e-03 2.767564952016406815e-03
7.615230460921842970e-02 2.918436152761011253e-03 2.918290787074784287e-03
7.815631262525049583e-02 3.073037608563508431e-03 3.072887437189093796e-03
8.016032064128256196e-02 3.231494409589055501e-03 3.231339385735911701e-03
8.216432865731462809e-02 3.393790477420722141e-03 3.393630554617065725e-03
8.416833667334668034e-02 3.559909175984590606e-03 3.559744308084766135e-03
8.617234468937874647e-02 3.729833315463331345e-03 3.729663456655141901e-03
8.817635270541081260e-02 3.903545156297557814e-03 3.903370261109512240e-03
9.018036072144287874e-02 4.081026413274355460e-03 4.080846436582890452e-03
9.218436873747494487e-02 4.262258259702311411e-03 4.262073156738932500e-03
9.418837675350701100e-02 4.447221331672400815e-03 4.447031058030796041e-03
9.619238476953906325e-02 4.635895732404035977e-03 4.635700244047108454e-03
9.819639278557112938e-02 4.828261036675613425e-03 4.828060289942457534e-03
1.002004008016031955e-01 5.024296295338829058e-03 5.024090246951655458e-03
1.022044088176352616e-01 5.223980039916065708e-03 5.223768646987064779e-03
1.042084168336673278e-01 5.427290287280119377e-03 5.427073507318268264e-03
1.062124248496993939e-01 5.634204544415519905e-03 5.633982335333312386e-03
1.082164328657314600e-01 5.844699813260687167e-03 5.844472133380806261e-03
1.102204408817635123e-01 6.058752595630164696e-03 6.058519403692081556e-03
1.122244488977955784e-01 6.276338898216149258e-03 6.276100153382681290e-03
1.142284569138276445e-01 6.497434237668507119e-03 6.497189899532285901e-03
1.162324649298597107e-01 6.722013645752495520e-03 6.721763674342365324e-03
1.182364729458917768e-01 6.950051674583357549e-03 6.949796030370724437e-03
1.202404809619238429e-01 7.181522401936960356e-03 7.181261045842053659e-03
1.222444889779558952e-01 7.416399436635636236e-03 7.416132330033711056e-03
1.242484969939879613e-01 7.654655924008387825e-03 7.654383028735830402e-03
1.262525050100200275e-01 7.896264551424553649e-03 7.895985829784950283e-03
1.282565130260520936e-01 8.141197553900100456e-03 8.140912968670210165e-03
1.302605210420841597e-01 8.389426719775631633e-03 8.389136234211284210e-03
1.322645290581162258e-01 8.640923396465206158e-03 8.640626974307126507e-03
1.342685370741482920e-01 8.895658496275065177e-03 8.895356101754636063e-03
1.362725450901803581e-01 9.153602502291352874e-03 9.153294100136263184e-03
1.382765531062124242e-01 9.414725474335878391e-03 9.414411029775728024e-03
1.402805611222444904e-01 9.678997054988985535e-03 9.678676533760796619e-03
1.422845691382765287e-01 9.946386475678572689e-03 9.946059844032231409e-03
1.442885771543085949e-01 1.021686256283431751e-02 1.021652978753790839e-02
1.462925851703406610e-01 1.049039374410607427e-02 1.049005479245115370e-02
1.482965931863727271e-01 1.076694805464553130e-02 1.076660289445231442e-02
1.503006012024047933e-01 1.104649314345007745e-02 1.104614174307255031e-02
1.523046092184368594e-01 1.132899627976790419e-02 1.132863860809883022e-02
1.543086172344689255e-01 1.161442435956330961e-02 1.161406038603916314e-02
1.563126252505009917e-01 1.190274391204117384e-02 1.190237360664698173e-02
1.583166332665330578e-01 1.219392110622960317e-02 1.219354443950371701e-02
1.603206412825651239e-01 1.248792175761965877e-02 1.248753870065841091e-02
1.623246492985971901e-01 1.278471133486115165e-02 1.278432185932344180e-02
1.643286573146292562e-01 1.308425496651342140e-02 1.308385904462521822e-02
1.663326653306613223e-01 1.338651744785003365e-02 1.338611505240876881e-02
1.683366733466933607e-01 1.369146324771631715e-02 1.369105435209519786e-02
1.703406813627254268e-01 1.399905651543867022e-02 1.399864109359091197e-02
1.723446893787574929e-01 1.430926108778448995e-02 1.430883911424742951e-02
1.743486973947895591e-01 1.462204049597169188e-02 1.462161194587083789e-02
1.763527054108216252e-01 1.493735797272666144e-02 1.493692282177963571e-02
1.783567134268536913e-01 1.525517645938952518e-02 1.525473468390990683e-02
1.803607214428857575e-01 1.557545861306562120e-02 1.557501018996670233e-02
1.823647294589178236e-01 1.589816681382203237e-02 1.589771172062048876e-02
1.843687374749498897e-01 1.622326317192804984e-02 1.622280138674749017e-02
1.863727454909819559e-01 1.655070953513841300e-02 1.655024103671286217e-02
1.883767535070140220e-01 1.688046749601814639e-02 1.687999226369541264e-02
1.903807615230460881e-01 1.721249839930788852e-02 1.721201641305282470e-02
1.923847695390781265e-01 1.754676334932848969e-02 1.754627458972618514e-02
1.943887775551101926e-01 1.788322321742374932e-02 1.788272766568260383e-02
1.963927855711422588e-01 1.822183864944004056e-02 1.822133628739473418e-02
1.983967935871743249e-01 1.856257007324175340e-02 1.856206088335615734e-02
2.004008016032063910e-01 1.890537770626126227e-02 1.890486167163118320e-02
2.024048096192384572e-01 1.925022156308224194e-02 1.924969866743811431e-02
2.044088176352705233e-01 1.959706146305518690e-02 1.959653169076466458e-02
2.064128256513025894e-01 1.994585703794383644e-02 1.994532037401425262e-02
2.084168336673346555e-01 2.029656773960138161e-02 2.029602416968213224e-02
2.104208416833667217e-01 2.064915284767516665e-02 2.064860235805999686e-02
2.124248496993987878e-01 2.100357147733870888e-02 2.100301405496786400e-02
2.144288577154308539e-01 2.135978258704979149e-02 2.135921821951210914e-02
2.164328657314629201e-01 2.171774498633339753e-02 2.171717366186827133e-02
2.184368737474949584e-01 2.207741734358826396e-02 2.207683905108748929e-02
2.204408817635270246e-01 2.243875819391582052e-02 2.243817292292536736e-02
2.224448897795590907e-01 2.280172594697021937e-02 2.280113368769190810e-02
2.244488977955911568e-01 2.316627889482830022e-02 2.316567963812132466e-02
2.264529058116232230e-01 2.353237521987819325e-02 2.353176895726059523e-02
2.284569138276552891e-01 2.389997300272527284e-02 2.389935972637527439e-02
2.304609218436873552e-01 2.426903023011429961e-02 2.426840993287153816e-02
2.324649298597194214e-01 2.463950480286640141e-02 2.463887747823308161e-02
2.344689378757514875e-01 2.501135454382971343e-02 2.501072018597161328e-02
2.364729458917835536e-01 2.538453720584233145e-02 2.538389580958975295e-02
2.384769539078156197e-01 2.575901047970643662e-02 2.575836204055501066e-02
2.404809619238476859e-01 2.613473200217217990e-02 2.613407651628357753e-02
2.424849699398797520e-01 2.651165936393018105e-02 2.651099682813273448e-02
2.444889779559117904e-01 2.688975011761132738e-02 2.688908052940052265e-02
2.464929859719438565e-01 2.726896178579260588e-02 2.726828514333148185e-02
2.484969939879759226e-01 2.764925186900766413e-02 2.764856817112710044e-02
2.505010020040079888e-01 2.803057785376091363e-02 2.802988709995983541e-02
2.525050100200400549e-01 2.841289722054383959e-02 2.841219941098927643e-02
2.545090180360721210e-01 2.879616745185227186e-02 2.879546258737933351e-02
2.565130260521041872e-01 2.918034604020331227e-02 2.917963412231506723e-02
2.585170340681362533e-01 2.956539049615070427e-02 2.956467152701792653e-02
2.605210420841683194e-01 2.995125835629732294e-02 2.995053233875816581e-02
2.625250501002003856e-01 3.033790719130354321e-02 3.033717412886307446e-02
2.645290581162324517e-01 3.072529461389020625e-02 3.072455451071984603e-02
2.665330661322645178e-01 3.111337828683491749e-02 3.111263114777180691e-02
2.685370741482965840e-01 3.150211593096041013e-02 3.150136176150662021e-02
2.705410821643286501e-01 3.189146533311371101e-02 3.189070413943535798e-02
2.725450901803607162e-01 3.228138435413481500e-02 3.228061614306113047e-02
2.745490981963927823e-01 3.267183093681366030e-02 3.267105571583585333e-02
2.765531062124248485e-01 3.306276311383409688e-02 3.306198089110420207e-02
2.785571142284569146e-01 3.345413901570357812e-02 3.345334980003315806e-02
2.805611222444889807e-01 3.384591687866741333e-02 3.384512067952614306e-02
2.825651302605209914e-01 3.423805505260614501e-02 3.423725188012033405e-02
2.845691382765530575e-01 3.463051200891506531e-02 3.462970187386602700e-02
2.865731462925851236e-01 3.502324634836426892e-02 3.502242926218664121e-02
2.885771543086171897e-01 3.541621680893836110e-02 3.541539278371828164e-02
2.905811623246492559e-01 3.580938227365437071e-02 3.580855132212754088e-02
2.925851703406813220e-01 3.620270177835659825e-02 3.620186391390628478e-02
2.945891783567133881e-01 3.659613451948730972e-02 3.659528975614222829e-02
2.965931863727454543e-01 3.698963986183195773e-02 3.698878821426403174e-02
2.985971943887775204e-01 3.738317734623766708e-02 3.738231882975969617e-02
3.006012024048095865e-01 3.777670669730385372e-02 3.777584132786712678e-02
3.026052104208416527e-01 3.817018783104372120e-02 3.816931562523542820e-02
3.046092184368737188e-01 3.856358086251532313e-02 3.856270183755597381e-02
3.066132264529057849e-01 3.895684611342117853e-02 3.895596028716186154e-02
3.086172344689378511e-01 3.934994411967507322e-02 3.934905151059460426e-02
3.106212424849699172e-01 3.974283563893486054e-02 3.974193626613688191e-02
3.126252505010019833e-01 4.013548165810019303e-02 4.013457554131011351e-02
3.146292585170340494e-01 4.052784340077383168e-02 4.052693056033571800e-02
3.166332665330661156e-01 4.091988233468545760e-02 4.091896279155882166e-02
3.186372745490981817e-01 4.131156017907678529e-02 4.131063395483323269e-02
3.206412825651302478e-01 4.170283891204679821e-02 4.170190602886664211e-02
3.226452905811623140e-01 4.209368077785592688e-02 4.209274125852462134e-02
3.246492985971943801e-01 4.248404829418804540e-02 4.248310216209261886e-02
3.266533066132264462e-01 4.287390425936910693e-02 4.287295153849444984e-02
3.286573146292585124e-01 4.326321175954130072e-02 4.326225247446631450e-02
3.306613226452905785e-01 4.365193417579154439e-02 4.365096835168530420e-02
3.326653306613226446e-01 4.404003519123325661e-02 4.403906285385100761e-02
3.346693386773546552e-01 4.442747879804020972e-02 4.442649997371924536e-02
3.366733466933867214e-01 4.481422930443142161e-02 4.481324402008696195e-02
3.386773547094187875e-01 4.520025134160588626e-02 4.519925962472678971e-02
3.406813627254508536e-01 4.558550987062612997e-02 4.558451174927050098e-02
3.426853707414829198e-01 4.596997018924949691e-02 4.596896569204028671e-02
3.446893787575149859e-01 4.635359793870598433e-02 4.635258709482644596e-02
3.466933867735470520e-01 4.673635911042167690e-02 4.673534194961070226e-02
3.486973947895791182e-01 4.711822005268665597e-02 4.711719660523408515e-02
3.507014028056111843e-01 4.749914747726628056e-02 4.749811777400812784e-02
3.527054108216432504e-01 4.787910846595491016e-02 4.787807253826840970e-02
3.547094188376753165e-01 4.825807047707091069e-02 4.825702835686958986e-02
3.567134268537073827e-01 4.863600135189199286e-02 4.863495307162062076e-02
3.587174348697394488e-01 4.901286932102981442e-02 4.901181491365920462e-02
3.607214428857715149e-01 4.938864301074285396e-02 4.938758250976468811e-02
3.627254509018035811e-01 4.976329144918659186e-02 4.976222488860809756e-02
3.647294589178356472e-01 5.013678407259992281e-02 5.013571148693847512e-02
3.667334669338677133e-01 5.050909073142690470e-02 5.050801215570453750e-02
3.687374749498997795e-01 5.088018169637282401e-02 5.087909716611072053e-02
3.707414829659318456e-01 5.125002766439363394e-02 5.124893721560645765e-02
3.727454909819639117e-01 5.161859976461782157e-02 5.161750343380801936e-02
3.747494989979959779e-01 5.198586956419971872e-02 5.198476738835171307e-02
3.767535070140280440e-01 5.235180907410341006e-02 5.235070109067779809e-02
3.787575150300601101e-01 5.271639075481626691e-02 5.271527700174379050e-02
3.807615230460921762e-01 5.307958752199118391e-02 5.307846803766677612e-02
3.827655310621242424e-01 5.344137275201669285e-02 5.344024757529340641e-02
3.847695390781562530e-01 5.380172028751399604e-02 5.380058945769676526e-02
3.867735470941883191e-01 5.416060444276010744e-02 5.415946799959960034e-02
3.887775551102203853e-01 5.451800000903617854e-02 5.451685799272243393e-02
3.907815631262524514e-01 5.487388225990021823e-02 5.487273471105633127e-02
3.927855711422845175e-01 5.522822695638339441e-02 5.522707391605903571e-02
3.947895791583165837e-01 5.558101035210895324e-02 5.557985186177386017e-02
3.967935871743486498e-01 5.593220919833311738e-02 5.593104529987054374e-02
3.987975951903807159e-01 5.628180074890707513e-02 5.628063148460711596e-02
4.008016032064127820e-01 5.662976276515925556e-02 5.662858817771218578e-02
4.028056112224448482e-01 5.697607352069716108e-02 5.697489365318662846e-02
4.048096192384769143e-01 5.732071180612800104e-02 5.731952670202420524e-02
4.068136272545089804e-01 5.766365693369731454e-02 5.766246663685013762e-02
4.088176352705410466e-01 5.800488874184494409e-02 5.800369329647696998e-02
4.108216432865731127e-01 5.834438759967752047e-02 5.834318705037702668e-02
4.128256513026051788e-01 5.868213441135688990e-02 5.868092880307080456e-02
4.148296593186372450e-01 5.901811062040361600e-02 5.901689999843035689e-02
4.168336673346693111e-01 5.935229821391506400e-02 5.935108262389737765e-02
4.188376753507013772e-01 5.968467972669724841e-02 5.968345921461497283e-02
4.208416833667334433e-01 6.001523824530984041e-02 6.001401285747261227e-02
4.228456913827655095e-01 6.034395741202373126e-02 6.034272719506363764e-02
4.248496993987975756e-01 6.067082142869047179e-02 6.066958642955467412e-02
4.268537074148296417e-01 6.099581506052298430e-02 6.099457532646624519e-02
4.288577154308617079e-01 6.131892363978696386e-02 6.131767921836418778e-02
4.308617234468937740e-01 6.164013306940239328e-02 6.163888400846105620e-02
4.328657314629258401e-01 6.195942982645454705e-02 6.195817617412716083e-02
4.348697394789579063e-01 6.227680096561401257e-02 6.227554277031042279e-02
4.368737474949899169e-01 6.259223412246507634e-02 6.259097143286485032e-02
4.388777555110219830e-01 6.290571751674209344e-02 6.290445038178675563e-02
4.408817635270540491e-01 6.321723995547312569e-02 6.321596842435843466e-02
4.428857715430861153e-01 6.352679083603059162e-02 6.352551495819873384e-02
4.448897795591181814e-01 6.383436014908824840e-02 6.383307997421996949e-02
4.468937875751502475e-01 6.413993848148409616e-02 6.413865405949084608e-02
4.488977955911823137e-01 6.444351701898884399e-02 6.444222840000485286e-02
4.509018036072143798e-01 6.474508754897931317e-02 6.474379478335368088e-02
4.529058116232464459e-01 6.504464246301652763e-02 6.504334560130517473e-02
4.549098196392785121e-01 6.534217475932800612e-02 6.534087385228573575e-02
4.569138276553105782e-01 6.563767804519385352e-02 6.563637314376621901e-02
4.589178356713426443e-01 6.593114653923629054e-02 6.592983769455160181e-02
4.609218436873747105e-01 6.622257507361228868e-02 6.622126233697345210e-02
4.629258517034067766e-01 6.651195909610885248e-02 6.651064251898528012e-02
4.649298597194388427e-01 6.679929467214086591e-02 6.679797430616024601e-02
4.669338677354709088e-01 6.708457848665075329e-02 6.708325438359094561e-02
4.689378757515029750e-01 6.736780784591019089e-02 6.736648005769094172e-02
4.709418837675350411e-01 6.764898067922310576e-02 6.764764925789790162e-02
4.729458917835671072e-01 6.792809554053005905e-02 6.792676053827775839e-02
4.749498997995991734e-01 6.820515160991338921e-02 6.820381307903009005e-02
4.769539078156312395e-01 6.848014869500335111e-02 6.847880668789396719e-02
4.789579158316633056e-01 6.875308723228450158e-02 6.875174180145456060e-02
4.809619238476953718e-01 6.902396828830258124e-02 6.902261948634982880e-02
4.829659318637274379e-01 6.929279356077135132e-02 6.929144144037745201e-02
4.849699398797595040e-01 6.955956537957948271e-02 6.955820999350163791e-02
4.869739478957915702e-01 6.982428670769713630e-02 6.982292810875975753e-02
4.889779559118235808e-01 7.008696114198223470e-02 7.008559938306850590e-02
4.909819639278556469e-01 7.034759291388617553e-02 7.034622804792972639e-02
4.929859719438877130e-01 7.060618689005890292e-02 7.060481897003541285e-02
4.949899799599197792e-01 7.086274857285344841e-02 7.086137765177220882e-02
4.969939879759518453e-01 7.111728410072942763e-02 7.111591023162500136e-02
4.989979959919839114e-01 7.136980024855595073e-02 7.136842348447966500e-02
5.010020040080159776e-01 7.162030442781339157e-02 7.161892482182503905e-02
5.030060120240480437e-01 7.186880468669440414e-02 7.186742229185373587e-02
5.050100200400801098e-01 7.211530971010385316e-02 7.211392457946225187e-02
5.070140280561121759e-01 7.235982881955796420e-02 7.235844100614997887e-02
5.090180360721442421e-01 7.260237197298237410e-02 7.260098152981729613e-02
5.110220440881763082e-01 7.284294976440935931e-02 7.284155674446286810e-02
5.130260521042083743e-01 7.308157342357421427e-02 7.308017787977995339e-02
5.150300601202404405e-01 7.331825481541086320e-02 7.331685680065203048e-02
5.170340681362725066e-01 7.355300643944666372e-02 7.355160600654765679e-02
5.190380761523045727e-01 7.378584142909674903e-02 7.378443863081476928e-02
5.210420841683366389e-01 7.401677355085772847e-02 7.401536843987444048e-02
5.230460921843687050e-01 7.424581720340110713e-02 7.424440983231425650e-02
5.250501002004007711e-01 7.447298741656643850e-02 7.447157783788152519e-02
5.270541082164328373e-01 7.469829985025444596e-02 7.469688811637642534e-02
5.290581162324649034e-01 7.492177079322016875e-02 7.492035695644512494e-02
5.310621242484969695e-01 7.514341716176652086e-02 7.514200127427334008e-02
5.330661322645290356e-01 7.536325649833824913e-02 7.536183861218041791e-02
5.350701402805611018e-01 7.558130697001672060e-02 7.557988713711397133e-02
5.370741482965931679e-01 7.579758736691552534e-02 7.579616563904573168e-02
5.390781563126252340e-01 7.601211710047751924e-02 7.601069352926836942e-02
5.410821643286573002e-01 7.622491620167314019e-02 7.622349083859401853e-02
5.430861723446893663e-01 7.643600531910063611e-02 7.643457821545446285e-02
5.450901803607214324e-01 7.664540571698832960e-02 7.664397692390340078e-02
5.470941883767534986e-01 7.685313927309926629e-02 7.685170884152117687e-02
5.490981963927855647e-01 7.705922847653864927e-02 7.705779645722216076e-02
5.511022044088176308e-01 7.726369642546422611e-02 7.726226286896528683e-02
5.531062124248496970e-01 7.746656682470026700e-02 7.746513178136793520e-02
5.551102204408817631e-01 7.766786398325521701e-02 7.766642750322376443e-02
5.571142284569138292e-01 7.786761281174367499e-02 7.786617494492453773e-02
5.591182364729458953e-01 7.806583881971290717e-02 7.806439961578684472e-02
5.611222444889779615e-01 7.826256811287445048e-02 7.826112762128362155e-02
5.631262525050100276e-01 7.845782739024116659e-02 7.845638566018134363e-02
5.651302605210419827e-01 7.865164394117027391e-02 7.865020102158296056e-02
5.671342685370740488e-01 7.884404564231271839e-02 7.884260158187750278e-02
5.691382765531061150e-01 7.903506095446946600e-02 7.903361580159619371e-02
5.711422845691381811e-01 7.922471891935524424e-02 7.922327272217641325e-02
5.731462925851702472e-01 7.941304915627005190e-02 7.941160196263313820e-02
5.751503006012023134e-01 7.960008185867918640e-02 7.959863371613910832e-02
5.771543086172343795e-01 7.978584779070223287e-02 7.978439874651375996e-02
5.791583166332664456e-01 7.997037828351155619e-02 7.996892838462182906e-02
5.811623246492985118e-01 8.015370523164090655e-02 8.015225452468202616e-02
5.831663326653305779e-01 8.033586108920465207e-02 8.033440962048624123e-02
5.851703406813626440e-01 8.051687886602840183e-02 8.051542668153030546e-02
5.871743486973947102e-01 8.069679212369144927e-02 8.069533926905640697e-02
5.891783567134267763e-01 8.087563497148168856e-02 8.087418149200814588e-02
5.911823647294588424e-01 8.105344206226386405e-02 8.105198800289870054e-02
5.931863727454909085e-01 8.123024858826138894e-02 8.122879399359293762e-02
5.951903807615229747e-01 8.140609027675294040e-02 8.140463519100374357e-02
5.971943887775550408e-01 8.158100338568394228e-02 8.157954785270390974e-02
5.991983967935871069e-01 8.175502469919415649e-02 8.175356876245346016e-02
6.012024048096191731e-01 8.192819152306164698e-02 8.192673522564394850e-02
6.032064128256512392e-01 8.210054168006418462e-02 8.209908506465975198e-02
6.052104208416833053e-01 8.227211350525863442e-02 8.227065661415758346e-02
6.072144288577153715e-01 8.244294584117908831e-02 8.244148871626466590e-02
6.092184368737474376e-01 8.261307803295461771e-02 8.261162071569655430e-02
6.112224448897795037e-01 8.278254992334724283e-02 8.278109245479520206e-02
6.132264529058115698e-01 8.295140184771110370e-02 8.294994426848818769e-02
6.152304609218436360e-01 8.311967462887344393e-02 8.311821697916969842e-02
6.172344689378757021e-01 8.328740957193841998e-02 8.328595189150449218e-02
6.192384769539077682e-01 8.345464845901426343e-02 8.345319078715517092e-02
6.212424849699398344e-01 8.362143354386511462e-02 8.361997591943383379e-02
6.232464929859719005e-01 8.378780754648768037e-02 8.378635000787919285e-02
6.252505010020039666e-01 8.395381364761438092e-02 8.395235623275942860e-02
6.272545090180360328e-01 8.411949548314311131e-02 8.411803822950225662e-02
6.292585170340680989e-01 8.428489713849508791e-02 8.428344008305276025e-02
6.312625250501001650e-01 8.445006314290122440e-02 8.444860632215989149e-02
6.332665330661322312e-01 8.461503846361835557e-02 8.461358191359266701e-02
6.352705410821642973e-01 8.477986850007580844e-02 8.477841225628693356e-02
6.372745490981963634e-01 8.494459907795356979e-02 8.494314317542359105e-02
6.392785571142284295e-01 8.510927644319285501e-02 8.510782091643911973e-02
6.412825651302604957e-01 8.527394725594007741e-02 8.527249213896978541e-02
6.432865731462925618e-01 8.543865858442502292e-02 8.543720391072989750e-02
6.452905811623246279e-01 8.560345789877449318e-02 8.560200370132534098e-02
6.472945891783566941e-01 8.576839306476213842e-02 8.576693937600368689e-02
6.492985971943887602e-01 8.593351233749550733e-02 8.593205918934135323e-02
6.513026052104208263e-01 8.609886435504153501e-02 8.609741177886887087e-02
6.533066132264528925e-01 8.626449813199116301e-02 8.626304615863597536e-02
6.553106212424849586e-01 8.643046305296427090e-02 8.642901171271644145e-02
6.573146292585170247e-01 8.659680886605609917e-02 8.659535818865451984e-02
6.593186372745490909e-01 8.676358567622582951e-02 8.676213569085369781e-02
6.613226452905811570e-01 8.693084393862873793e-02 8.692939467390906061e-02
6.633266533066132231e-01 8.709863445189278131e-02 8.709718593588364199e-02
6.653306613226452892e-01 8.726700835134069967e-02 8.726556061153095678e-02
6.673346693386772444e-01 8.743601710215878620e-02 8.743457016546367366e-02
6.693386773547093105e-01 8.760571249251333792e-02 8.760426638527013532e-02
6.713426853707413766e-01 8.777614662661584188e-02 8.777470137457976662e-02
6.733466933867734427e-01 8.794737191773815965e-02 8.794592754607832852e-02
6.753507014028055089e-01 8.811944108117865382e-02 8.811799761447396129e-02
6.773547094188375750e-01 8.829240712718042228e-02 8.829096458941577963e-02
6.793587174348696411e-01 8.846632335380281986e-02 8.846488176836522777e-02
6.813627254509017073e-01 8.864124333974721104e-02 8.863980272942216521e-02
6.833667334669337734e-01 8.881722093713849409e-02 8.881578132410625215e-02
6.853707414829658395e-01 8.899431026426295188e-02 8.899287167009516109e-02
6.873747494989979057e-01 8.917256569826415014e-02 8.917112814392029463e-02
6.893787575150299718e-01 8.935204186779770186e-02 8.935060537362184141e-02
6.913827655310620379e-01 8.953279364564613318e-02 8.953135823136369742e-02
6.933867735470941041e-01 8.971487614129505794e-02 8.971344182600968220e-02
6.953907815631261702e-01 8.989834469347189605e-02 8.989691149566239603e-02
6.973947895791582363e-01 9.008325486264816273e-02 9.008182280016564791e-02
6.993987975951903024e-01 9.026966242350663305e-02 9.026823151357157848e-02
7.014028056112223686e-01 9.045762335737451976e-02 9.045619361657412927e-02
7.034068136272544347e-01 9.064719384462391338e-02 9.064576528890948282e-02
7.054108216432865008e-01 9.083843025704069207e-02 9.083700290172502800e-02
7.074148296593185670e-01 9.103138915016298349e-02 9.102996300991798850e-02
7.094188376753506331e-01 9.122612725559063607e-02 9.122470234444506054e-02
7.114228456913826992e-01 9.142270147326665708e-02 9.142127780460376774e-02
7.134268537074147654e-01 9.162116886373203317e-02 9.161974645028751751e-02
7.154308617234468315e-01 9.182158664035504347e-02 9.182016549421506690e-02
7.174348697394788976e-01 9.202401216153634211e-02 9.202259229413552177e-02
7.194388777555109638e-01 9.222850292289110075e-02 9.222708434501075692e-02
7.214428857715430299e-01 9.243511654940936295e-02 9.243369927117581208e-02
7.234468937875750960e-01 9.264391078759583176e-02 9.264249481847876277e-02
7.254509018036071621e-01 9.285494349759049193e-02 9.285352884640148130e-02
7.274549098196392283e-01 9.306827264527119115e-02 9.306685932016221796e-02
7.294589178356712944e-01 9.328395629433934577e-02 9.328254430280165377e-02
7.314629258517033605e-01 9.350205259839029781e-02 9.350064194725311861e-02
7.334669338677354267e-01 9.372261979296936385e-02 9.372121048839879287e-02
7.354709418837674928e-01 9.394571618761478338e-02 9.394430823511286388e-02
7.374749498997995589e-01 9.417140015788910690e-02 9.416999356229302509e-02
7.394789579158316251e-01 9.439973013740000918e-02 9.439832490288115052e-02
7.414829659318636912e-01 9.463076460981192928e-02 9.462936073987537888e-02
7.434869739478957573e-01 9.486456210084977247e-02 9.486315959833369060e-02
7.454909819639278235e-01 9.510118117029593698e-02 9.509978003737110108e-02
7.474949899799598896e-01 9.534068040398198385e-02 9.533928064215145548e-02
7.494989979959919557e-01 9.558311840577606022e-02 9.558172001587501854e-02
7.515030060120240218e-01 9.582855378956767201e-02 9.582715677176308067e-02
7.535070140280560880e-01 9.607704517125059684e-02 9.607564952504138445e-02
7.555110220440881541e-01 9.632865116070571387e-02 9.632725688492281557e-02
7.575150300601202202e-01 9.658343035378463837e-02 9.658203744659105139e-02
7.595190380761522864e-01 9.684144132429570173e-02 9.684004978318688783e-02
7.615230460921843525e-01 9.710274261599326218e-02 9.710135243779763337e-02
7.635270541082164186e-01 9.736739273457202526e-02 9.736600391545117972e-02
7.655310621242484848e-01 9.763545013966709596e-02 9.763406267511667846e-02
7.675350701402805509e-01 9.790697323686159415e-02 9.790558712171192057e-02
7.695390781563125060e-01 9.818202036970267998e-02 9.818063559811951446e-02
7.715430861723445721e-01 9.846064981172752972e-02 9.845926637721306995e-02
7.735470941883766383e-01 9.874291975850028880e-02 9.874153765389419302e-02
7.755511022044087044e-01 9.902888831966147332e-02 9.902750753714194276e-02
7.775551102204407705e-01 9.931861351099101343e-02 9.931723404207608297e-02
7.795591182364728366e-01 9.961215324648604874e-02 9.961077508203494690e-02
7.815631262525049028e-01 9.990956533045503019e-02 9.990818846066951142e-02
7.835671342685369689e-01 1.002109074496290858e-01 1.002095318640551652e-01
7.855711422845690350e-01 1.005162371652920661e-01 1.005148628528215043e-01
7.875751503006011012e-01 1.008256119054305316e-01 1.008242388543027362e-01
7.895791583166331673e-01 1.011390889569047519e-01 1.011377171547085674e-01
7.915831663326652334e-01 1.014567254576422828e-01 1.014553548913179476e-01
7.935871743486972996e-01 1.017785783888548456e-01 1.017772090446960459e-01
7.955911823647293657e-01 1.021047045672804077e-01 1.021033364309365810e-01
7.975951903807614318e-01 1.024351606374510476e-01 1.024337936939295063e-01
7.995991983967934980e-01 1.027700030639882994e-01 1.027686372976566870e-01
8.016032064128255641e-01 1.031092881239269732e-01 1.031079235185157067e-01
8.036072144288576302e-01 1.034530718990686604e-01 1.034517084376735813e-01
8.056112224448896963e-01 1.038014102683662704e-01 1.038000479334512116e-01
8.076152304609217625e-01 1.041543589003407211e-01 1.041529976737403662e-01
8.096192384769538286e-01 1.045119732455308814e-01 1.045106131084536372e-01
8.116232464929858947e-01 1.048743085289782495e-01 1.048729494620092295e-01
8.136272545090179609e-01 1.052414197427472692e-01 1.052400617258513055e-01
8.156312625250500270e-01 1.056133616384825891e-01 1.056120046510075072e-01
8.176352705410820931e-01 1.059901887200044579e-01 1.059888327406842551e-01
8.196392785571141593e-01 1.063719552359434356e-01 1.063706002429017222e-01
8.216432865731462254e-01 1.067587151724154887e-01 1.067573611431689717e-01
8.236472945891782915e-01 1.071505222457388301e-01 1.071491691572007826e-01
8.256513026052103577e-01 1.075474298951933916e-01 1.075460777236773857e-01
8.276553106212424238e-01 1.079494912758243441e-01 1.079481399970480537e-01
8.296593186372744899e-01 1.083567592512905686e-01 1.083554088403794746e-01
8.316633266533065560e-01 1.087692863867594645e-01 1.087679368182509210e-01
8.336673346693386222e-01 1.091871249418489287e-01 1.091857761896961182e-01
8.356713426853706883e-01 1.096103268636178102e-01 1.096089789011939625e-01
8.376753507014027544e-01 1.100389437796060882e-01 1.100375965797086020e-01
8.396793587174348206e-01 1.104730269909254686e-01 1.104716805257803663e-01
8.416833667334668867e-01 1.109126274654018973e-01 1.109112817066680440e-01
8.436873747494989528e-01 1.113577958307708504e-01 1.113564507495445749e-01
8.456913827655310190e-01 1.118085823679265400e-01 1.118072379347462425e-01
8.476953907815630851e-01 1.122650370042261592e-01 1.122636931890768353e-01
8.496993987975951512e-01 1.127272093068500958e-01 1.127258660791682354e-01
8.517034068136272174e-01 1.131951484762193511e-01 1.131938058048976709e-01
8.537074148296592835e-01 1.136689033394710224e-01 1.136675611928635449e-01
8.557114228456913496e-01 1.141485223439930030e-01 1.141471806899199137e-01
8.577154308617234157e-01 1.146340535510188552e-01 1.146327123567717349e-01
8.597194388777554819e-01 1.151255446292840379e-01 1.151242038616309415e-01
8.617234468937875480e-01 1.156230428487441397e-01 1.156217024739350230e-01
8.637274549098196141e-01 1.161265950743565895e-01 1.161252550581284015e-01
8.657314629258516803e-01 1.166362477599262593e-01 1.166349080675086469e-01
8.677354709418837464e-01 1.171520469420166688e-01 1.171507075381373331e-01
8.697394789579158125e-01 1.176740382339269558e-01 1.176726990828172309e-01
8.717434869739478787e-01 1.182022668197361265e-01 1.182009278851367945e-01
8.737474949899798338e-01 1.187367774484154176e-01 1.187354386935822875e-01
8.757515030060118999e-01 1.192776144280095346e-01 1.192762758157194097e-01
8.777555110220439660e-01 1.198248216198878197e-01 1.198234831124442151e-01
8.797595190380760322e-01 1.203784424330661684e-01 1.203771039923055147e-01
8.817635270541080983e-01 1.209385198186009036e-01 1.209371814058984446e-01
8.837675350701401644e-01 1.215050962640549237e-01 1.215037578403308782e-01
8.857715430861722306e-01 1.220782137880376955e-01 1.220768753137634749e-01
8.877755511022042967e-01 1.226579139348192293e-01 1.226565753700237099e-01
8.897795591182363628e-01 1.232442377690195628e-01 1.232428990732953311e-01
8.917835671342684289e-01 1.238372258703741291e-01 1.238358870028840181e-01
8.937875751503004951e-01 1.244369183285760072e-01 1.244355792480594525e-01
8.957915831663325612e-01 1.250433547381959165e-01 1.250420154029756592e-01
8.977955911823646273e-01 1.256565741936807312e-01 1.256552345616692157e-01
8.997995991983966935e-01 1.262766152844312373e-01 1.262752753131374250e-01
9.018036072144287596e-01 1.269035160899598669e-01 1.269021757364959813e-01
9.038076152304608257e-01 1.275373141751295625e-01 1.275359733962178055e-01
9.058116232464928919e-01 1.281780465854738815e-01 1.281767053374533449e-01
9.078156312625249580e-01 1.288257498425997294e-01 1.288244080814333059e-01
9.098196392785570241e-01 1.294804599396729705e-01 1.294791176209543759e-01
9.118236472945890903e-01 1.301422123369879169e-01 1.301408694159486568e-01
9.138276553106211564e-01 1.308110419576212768e-01 1.308096983891377796e-01
9.158316633266532225e-01 1.314869831831712577e-01 1.314856389217719801e-01
9.178356713426852886e-01 1.321700698495824611e-01 1.321687248494552991e-01
9.198396793587173548e-01 1.328603352430575424e-01 1.328589894580567976e-01
9.218436873747494209e-01 1.335578120960556892e-01 1.335564654797096462e-01
9.238476953907814870e-01 1.342625325833791960e-01 1.342611850888972280e-01
9.258517034068135532e-01 1.349745283183480526e-01 1.349731798986282538e-01
9.278557114228456193e-01 1.356938303490640707e-01 1.356924809567007228e-01
9.298597194388776854e-01 1.364204691547642734e-01 1.364191187420552009e-01
9.318637274549097516e-01 1.371544746422644900e-01 1.371531231612186930e-01
9.338677354709418177e-01 1.378958761424938506e-01 1.378945235448392759e-01
9.358717434869738838e-01 1.386447024071205125e-01 1.386433486443114371e-01
9.378757515030059499e-01 1.394009816052692308e-01 1.393996266284941443e-01
9.398797595190380161e-01 1.401647413203311876e-01 1.401633850805205084e-01
9.418837675350700822e-01 1.409360085468669699e-01 1.409346509947007609e-01
9.438877755511021483e-01 1.417148096876024999e-01 1.417134507735182403e-01
9.458917835671342145e-01 1.425011705505191406e-01 1.424998102247197751e-01
9.478957915831662806e-01 1.432951163460379207e-01 1.432937545584996863e-01
9.498997995991983467e-01 1.440966716842986273e-01 1.440953083847787974e-01
9.519038076152304129e-01 1.449058605725339344e-01 1.449044957105790621e-01
9.539078156312624790e-01 1.457227064125390936e-01 1.457213399374927554e-01
9.559118236472945451e-01 1.465472319982378535e-01 1.465458638592488649e-01
9.579158316633266113e-01 1.473794595133444407e-01 1.473780896593748502e-01
9.599198396793586774e-01 1.482194105291225472e-01 1.482180389089557404e-01
9.619238476953907435e-01 1.490671060022412675e-01 1.490657325644901277e-01
9.639278557114228096e-01 1.499225662727285968e-01 1.499211909658434982e-01
9.659318637274548758e-01 1.507858110620224901e-01 1.507844338342996804e-01
9.679358717434869419e-01 1.516568594711202034e-01 1.516554802707098804e-01
9.699398797595190080e-01 1.525357299788259735e-01 1.525343487537404730e-01
9.719438877755510742e-01 1.534224404400972297e-01 1.534210571382192689e-01
9.739478957915831403e-01 1.543170080844896985e-01 1.543156226535808417e-01
9.759519038076150954e-01 1.552194495147019015e-01 1.552180619024104979e-01
9.779559118236471615e-01 1.561297807052188791e-01 1.561283908590887226e-01
9.799599198396792277e-01 1.570480170010553067e-01 1.570466248685337407e-01
9.819639278557112938e-01 1.579741731165988372e-01 1.579727786450451088e-01
9.839679358717433599e-01 1.589082631345531404e-01 1.589068662712467550e-01
9.859719438877754261e-01 1.598503005049811410e-01 1.598489011971302998e-01
9.879759519038074922e-01 1.608002980444485919e-01 1.607988962391984078e-01
9.899799599198395583e-01 1.617582679352680686e-01 1.617568635797090870e-01
9.919839679358716245e-01 1.627242217248435208e-01 1.627228147660199631e-01
9.939879759519036906e-01 1.636981703251154663e-01 1.636967607100338618e-01
9.959919839679357567e-01 1.646801240121070209e-01 1.646787116877444224e-01
9.979959919839678228e-01 1.656700924255706531e-01 1.656686773388830192e-01
1.000000000000000000e+00 1.666680845687358858e-01 1.666666666666666574e-01
