M E10000 E100000 E1000000
5.000000000000000000e+00 1.496661236517651261e+00 1.495666926606005198e+00 1.495567598288440658e+00
1.000000000000000000e+01 1.535009669636381524e+00 1.533896801702003820e+00 1.533785652123352827e+00
1.500000000000000000e+01 1.130393556017552203e+00 1.129838211324641684e+00 1.129782712028315261e+00
2.000000000000000000e+01 6.900172410844747084e-01 6.897680262655551120e-01 6.897431290805294823e-01
2.500000000000000000e+01 2.403040798878181902e+37 4.492437088892237140e-01 4.492302570713604948e-01
3.000000000000000000e+01 1.624985612290995729e+155 7.946910294217188664e+01 3.131481855486072940e-01
3.500000000000000000e+01 nan 9.052303064353803235e+30 2.300707747617243837e-01
4.000000000000000000e+01 nan 3.709381703292278833e+94 1.759467231995042180e-01
4.500000000000000000e+01 nan 1.975315021137742150e+216 8.901046556514953077e+07
