x t U
-1.000000000000000000e+00 0.000000000000000000e+00 -1.224646799147353207e-16
-8.947368421052631637e-01 0.000000000000000000e+00 -3.246994692046836217e-01
-7.894736842105263275e-01 0.000000000000000000e+00 -6.142127126896679279e-01
-6.842105263157894912e-01 0.000000000000000000e+00 -8.371664782625286572e-01
-5.789473684210526550e-01 0.000000000000000000e+00 -9.694002659393303745e-01
-4.736842105263158187e-01 0.000000000000000000e+00 -9.965844930066698470e-01
-3.684210526315789824e-01 0.000000000000000000e+00 -9.157733266550575069e-01
-2.631578947368421462e-01 0.000000000000000000e+00 -7.357239106731316980e-01
-1.578947368421053099e-01 0.000000000000000000e+00 -4.759473930370736183e-01
-5.263157894736847364e-02 0.000000000000000000e+00 -1.645945902807340600e-01
5.263157894736836262e-02 0.000000000000000000e+00 1.645945902807337269e-01
1.578947368421053099e-01 0.000000000000000000e+00 4.759473930370736183e-01
2.631578947368420351e-01 0.000000000000000000e+00 7.357239106731314759e-01
3.684210526315787604e-01 0.000000000000000000e+00 9.157733266550571738e-01
4.736842105263157077e-01 0.000000000000000000e+00 9.965844930066698470e-01
5.789473684210526550e-01 0.000000000000000000e+00 9.694002659393303745e-01
6.842105263157893802e-01 0.000000000000000000e+00 8.371664782625286572e-01
7.894736842105261054e-01 0.000000000000000000e+00 6.142127126896683720e-01
8.947368421052630527e-01 0.000000000000000000e+00 3.246994692046840658e-01
1.000000000000000000e+00 0.000000000000000000e+00 1.224646799147353207e-16
-1.000000000000000000e+00 2.506265664160400863e-02 6.721435321423374631e-02
-8.947368421052631637e-01 2.506265664160400863e-02 -4.140622111599845945e-01
-7.894736842105263275e-01 2.506265664160400863e-02 -6.626401609679678506e-01
-6.842105263157894912e-01 2.506265664160400863e-02 -8.918934408488343735e-01
-5.789473684210526550e-01 2.506265664160400863e-02 -9.231100711592162833e-01
-4.736842105263158187e-01 2.506265664160400863e-02 -9.431561997335106140e-01
-3.684210526315789824e-01 2.506265664160400863e-02 -8.350108016012391943e-01
-2.631578947368421462e-01 2.506265664160400863e-02 -6.980426622490292221e-01
-1.578947368421053099e-01 2.506265664160400863e-02 -5.981072364458946966e-01
-5.263157894736847364e-02 2.506265664160400863e-02 -3.090472542158322344e-01
5.263157894736836262e-02 2.506265664160400863e-02 2.139863086601110145e-02
1.578947368421053099e-01 2.506265664160400863e-02 3.162393155016701707e-01
2.631578947368420351e-01 2.506265664160400863e-02 4.778906958387530435e-01
3.684210526315787604e-01 2.506265664160400863e-02 6.983089610653384627e-01
4.736842105263157077e-01 2.506265664160400863e-02 9.068409608715057857e-01
5.789473684210526550e-01 2.506265664160400863e-02 9.176386078170412075e-01
6.842105263157893802e-01 2.506265664160400863e-02 9.913368167518681329e-01
7.894736842105261054e-01 2.506265664160400863e-02 8.077907137390208936e-01
8.947368421052630527e-01 2.506265664160400863e-02 6.376220557385647858e-01
1.000000000000000000e+00 2.506265664160400863e-02 4.327889269775030412e-01
-1.000000000000000000e+00 5.012531328320801727e-02 1.529563967676335068e-01
-8.947368421052631637e-01 5.012531328320801727e-02 -1.326678919548142932e-01
-7.894736842105263275e-01 5.012531328320801727e-02 -3.574006366538194923e-01
-6.842105263157894912e-01 5.012531328320801727e-02 -5.613631944772923266e-01
-5.789473684210526550e-01 5.012531328320801727e-02 -7.738934566162067874e-01
-4.736842105263158187e-01 5.012531328320801727e-02 -9.278857079084890103e-01
-3.684210526315789824e-01 5.012531328320801727e-02 -1.010516247814845281e+00
-2.631578947368421462e-01 5.012531328320801727e-02 -1.005687430006554806e+00
-1.578947368421053099e-01 5.012531328320801727e-02 -7.954104908905511584e-01
-5.263157894736847364e-02 5.012531328320801727e-02 -4.058927246207083561e-01
5.263157894736836262e-02 5.012531328320801727e-02 -1.140894651273463706e-01
1.578947368421053099e-01 5.012531328320801727e-02 8.337606715084604214e-02
2.631578947368420351e-01 5.012531328320801727e-02 4.271611230456713315e-01
3.684210526315787604e-01 5.012531328320801727e-02 7.588140707839912125e-01
4.736842105263157077e-01 5.012531328320801727e-02 8.996597862192019512e-01
5.789473684210526550e-01 5.012531328320801727e-02 1.000356497470504813e+00
6.842105263157893802e-01 5.012531328320801727e-02 9.898204228457956333e-01
7.894736842105261054e-01 5.012531328320801727e-02 7.801251137477046571e-01
8.947368421052630527e-01 5.012531328320801727e-02 6.651478113310842488e-01
1.000000000000000000e+00 5.012531328320801727e-02 3.273899567081944295e-01
-1.000000000000000000e+00 7.518796992481202590e-02 4.385409603992986849e-01
-8.947368421052631637e-01 7.518796992481202590e-02 -4.268957738512639544e-02
-7.894736842105263275e-01 7.518796992481202590e-02 -3.027202796039906163e-01
-6.842105263157894912e-01 7.518796992481202590e-02 -6.287634014593753706e-01
-5.789473684210526550e-01 7.518796992481202590e-02 -8.543994539239386787e-01
-4.736842105263158187e-01 7.518796992481202590e-02 -9.707570458960681492e-01
-3.684210526315789824e-01 7.518796992481202590e-02 -9.803882286311493832e-01
-2.631578947368421462e-01 7.518796992481202590e-02 -8.570282948238310272e-01
-1.578947368421053099e-01 7.518796992481202590e-02 -6.799389572990904851e-01
-5.263157894736847364e-02 7.518796992481202590e-02 -4.846936132324315971e-01
5.263157894736836262e-02 7.518796992481202590e-02 -3.879788098785251216e-01
1.578947368421053099e-01 7.518796992481202590e-02 -6.808548492548698039e-02
2.631578947368420351e-01 7.518796992481202590e-02 2.846315056612826466e-01
3.684210526315787604e-01 7.518796992481202590e-02 4.863898691975956923e-01
4.736842105263157077e-01 7.518796992481202590e-02 7.679468007005414432e-01
5.789473684210526550e-01 7.518796992481202590e-02 8.620589831607480269e-01
6.842105263157893802e-01 7.518796992481202590e-02 9.487586530836904508e-01
7.894736842105261054e-01 7.518796992481202590e-02 8.956024677857696847e-01
8.947368421052630527e-01 7.518796992481202590e-02 8.489830525984980447e-01
1.000000000000000000e+00 7.518796992481202590e-02 7.245308544715889365e-01
-1.000000000000000000e+00 1.002506265664160345e-01 3.112752671347459588e-01
-8.947368421052631637e-01 1.002506265664160345e-01 1.126228410930185525e-01
-7.894736842105263275e-01 1.002506265664160345e-01 -5.693360870499759169e-02
-6.842105263157894912e-01 1.002506265664160345e-01 -3.348280207593118951e-01
-5.789473684210526550e-01 1.002506265664160345e-01 -5.772082094646662220e-01
-4.736842105263158187e-01 1.002506265664160345e-01 -7.529949675274171250e-01
-3.684210526315789824e-01 1.002506265664160345e-01 -9.442299768339295074e-01
-2.631578947368421462e-01 1.002506265664160345e-01 -1.012467765652719454e+00
-1.578947368421053099e-01 1.002506265664160345e-01 -9.468303674133101699e-01
-5.263157894736847364e-02 1.002506265664160345e-01 -8.021373055372383876e-01
5.263157894736836262e-02 1.002506265664160345e-01 -5.140162600666352555e-01
1.578947368421053099e-01 1.002506265664160345e-01 -1.778362499974531774e-01
2.631578947368420351e-01 1.002506265664160345e-01 1.523018882989474188e-01
3.684210526315787604e-01 1.002506265664160345e-01 4.918594389988407700e-01
4.736842105263157077e-01 1.002506265664160345e-01 7.073588564359094555e-01
5.789473684210526550e-01 1.002506265664160345e-01 8.405908084003569369e-01
6.842105263157893802e-01 1.002506265664160345e-01 9.813488357957854680e-01
7.894736842105261054e-01 1.002506265664160345e-01 9.204197337517950883e-01
8.947368421052630527e-01 1.002506265664160345e-01 9.703688179247671464e-01
1.000000000000000000e+00 1.002506265664160345e-01 6.313362441235108591e-01
-1.000000000000000000e+00 1.253132832080200432e-01 6.899806176755935994e-01
-8.947368421052631637e-01 1.253132832080200432e-01 4.347692056936933169e-01
-7.894736842105263275e-01 1.253132832080200432e-01 9.799024127774400017e-02
-6.842105263157894912e-01 1.253132832080200432e-01 -3.105948814007727932e-01
-5.789473684210526550e-01 1.253132832080200432e-01 -6.139846967121849186e-01
-4.736842105263158187e-01 1.253132832080200432e-01 -8.757191761332679958e-01
-3.684210526315789824e-01 1.253132832080200432e-01 -1.015413512739381741e+00
-2.631578947368421462e-01 1.253132832080200432e-01 -9.190309682684729697e-01
-1.578947368421053099e-01 1.253132832080200432e-01 -8.361952679543296352e-01
-5.263157894736847364e-02 1.253132832080200432e-01 -7.010028353831274650e-01
5.263157894736836262e-02 1.253132832080200432e-01 -5.944097165325833432e-01
1.578947368421053099e-01 1.253132832080200432e-01 -3.333790648195196771e-01
2.631578947368420351e-01 1.253132832080200432e-01 1.657621266310424848e-02
3.684210526315787604e-01 1.253132832080200432e-01 1.605412593744156569e-01
4.736842105263157077e-01 1.253132832080200432e-01 4.784001490967534354e-01
5.789473684210526550e-01 1.253132832080200432e-01 7.063094331083279442e-01
6.842105263157893802e-01 1.253132832080200432e-01 8.935237079902771384e-01
7.894736842105261054e-01 1.253132832080200432e-01 9.947243468335184025e-01
8.947368421052630527e-01 1.253132832080200432e-01 9.669675083416243710e-01
1.000000000000000000e+00 1.253132832080200432e-01 7.599474378885855419e-01
-1.000000000000000000e+00 1.503759398496240518e-01 6.771968782709907320e-01
-8.947368421052631637e-01 1.503759398496240518e-01 4.315661034090992887e-01
-7.894736842105263275e-01 1.503759398496240518e-01 1.577270359683966561e-01
-6.842105263157894912e-01 1.503759398496240518e-01 -1.139211570606940699e-01
-5.789473684210526550e-01 1.503759398496240518e-01 -3.801454082630040809e-01
-4.736842105263158187e-01 1.503759398496240518e-01 -5.591096562863880903e-01
-3.684210526315789824e-01 1.503759398496240518e-01 -7.153444949926298646e-01
-2.631578947368421462e-01 1.503759398496240518e-01 -8.671607513803900602e-01
-1.578947368421053099e-01 1.503759398496240518e-01 -1.005232112880735107e+00
-5.263157894736847364e-02 1.503759398496240518e-01 -1.064624140150439491e+00
5.263157894736836262e-02 1.503759398496240518e-01 -8.153682353174858122e-01
1.578947368421053099e-01 1.503759398496240518e-01 -4.443035848318514502e-01
2.631578947368420351e-01 1.503759398496240518e-01 -2.215689166520108389e-01
3.684210526315787604e-01 1.503759398496240518e-01 1.111747605524322502e-01
4.736842105263157077e-01 1.503759398496240518e-01 4.991978698250029156e-01
5.789473684210526550e-01 1.503759398496240518e-01 6.548393107717480621e-01
6.842105263157893802e-01 1.503759398496240518e-01 9.095980325866069860e-01
7.894736842105261054e-01 1.503759398496240518e-01 9.348525790542245861e-01
8.947368421052630527e-01 1.503759398496240518e-01 9.773745945614878972e-01
1.000000000000000000e+00 1.503759398496240518e-01 8.332512928156372567e-01
-1.000000000000000000e+00 1.754385964912280604e-01 9.010700179423897227e-01
-8.947368421052631637e-01 1.754385964912280604e-01 7.056572004906297435e-01
-7.894736842105263275e-01 1.754385964912280604e-01 3.947454075470729351e-01
-6.842105263157894912e-01 1.754385964912280604e-01 4.522817158638238466e-02
-5.789473684210526550e-01 1.754385964912280604e-01 -2.439955343583752045e-01
-4.736842105263158187e-01 1.754385964912280604e-01 -5.540109052645860732e-01
-3.684210526315789824e-01 1.754385964912280604e-01 -8.596507610846961800e-01
-2.631578947368421462e-01 1.754385964912280604e-01 -9.602486761535158344e-01
-1.578947368421053099e-01 1.754385964912280604e-01 -1.048828137395346083e+00
-5.263157894736847364e-02 1.754385964912280604e-01 -8.720694147637940707e-01
5.263157894736836262e-02 1.754385964912280604e-01 -6.286983052601232691e-01
1.578947368421053099e-01 1.754385964912280604e-01 -5.685277277591194167e-01
2.631578947368420351e-01 1.754385964912280604e-01 -3.192101158744095613e-01
3.684210526315787604e-01 1.754385964912280604e-01 -1.031973774301927077e-01
4.736842105263157077e-01 1.754385964912280604e-01 1.720485887774250988e-01
5.789473684210526550e-01 1.754385964912280604e-01 4.368255092031776421e-01
6.842105263157893802e-01 1.754385964912280604e-01 7.489830491937523593e-01
7.894736842105261054e-01 1.754385964912280604e-01 9.032215497063507126e-01
8.947368421052630527e-01 1.754385964912280604e-01 9.669710336189287769e-01
1.000000000000000000e+00 1.754385964912280604e-01 8.836864272780410312e-01
-1.000000000000000000e+00 2.005012531328320691e-01 9.368713977083593658e-01
-8.947368421052631637e-01 2.005012531328320691e-01 6.618160174067726498e-01
-7.894736842105263275e-01 2.005012531328320691e-01 3.867396536260270246e-01
-6.842105263157894912e-01 2.005012531328320691e-01 2.150672452051304584e-01
-5.789473684210526550e-01 2.005012531328320691e-01 -9.267847910539535328e-02
-4.736842105263158187e-01 2.005012531328320691e-01 -3.655091562693750795e-01
-3.684210526315789824e-01 2.005012531328320691e-01 -5.253314536904489795e-01
-2.631578947368421462e-01 2.005012531328320691e-01 -7.558962286887270787e-01
-1.578947368421053099e-01 2.005012531328320691e-01 -9.088891741245003209e-01
-5.263157894736847364e-02 2.005012531328320691e-01 -9.592697177305204992e-01
5.263157894736836262e-02 2.005012531328320691e-01 -9.791790653417334900e-01
1.578947368421053099e-01 2.005012531328320691e-01 -8.260955576305756276e-01
2.631578947368420351e-01 2.005012531328320691e-01 -5.810149825409895996e-01
3.684210526315787604e-01 2.005012531328320691e-01 -2.756703130422448189e-01
4.736842105263157077e-01 2.005012531328320691e-01 1.942569543620640826e-01
5.789473684210526550e-01 2.005012531328320691e-01 4.541535237925079516e-01
6.842105263157893802e-01 2.005012531328320691e-01 7.555437676806502356e-01
7.894736842105261054e-01 2.005012531328320691e-01 7.964553183137184078e-01
8.947368421052630527e-01 2.005012531328320691e-01 8.971166245325863375e-01
1.000000000000000000e+00 2.005012531328320691e-01 9.715136255366836338e-01
-1.000000000000000000e+00 2.255639097744360777e-01 9.748366827096316412e-01
-8.947368421052631637e-01 2.255639097744360777e-01 8.049253332894195090e-01
-7.894736842105263275e-01 2.255639097744360777e-01 6.919407387729527015e-01
-6.842105263157894912e-01 2.255639097744360777e-01 4.158162457472295848e-01
-5.789473684210526550e-01 2.255639097744360777e-01 7.466190846120106250e-02
-4.736842105263158187e-01 2.255639097744360777e-01 -1.697651460277062874e-01
-3.684210526315789824e-01 2.255639097744360777e-01 -5.800849658927300645e-01
-2.631578947368421462e-01 2.255639097744360777e-01 -8.556454748994077875e-01
-1.578947368421053099e-01 2.255639097744360777e-01 -9.932410125227444375e-01
-5.263157894736847364e-02 2.255639097744360777e-01 -9.761126266421297215e-01
5.263157894736836262e-02 2.255639097744360777e-01 -8.226730049313702997e-01
1.578947368421053099e-01 2.255639097744360777e-01 -7.998689294857816989e-01
2.631578947368420351e-01 2.255639097744360777e-01 -5.482268477092118175e-01
3.684210526315787604e-01 2.255639097744360777e-01 -2.870023213979421284e-01
4.736842105263157077e-01 2.255639097744360777e-01 -6.199081056146551333e-02
5.789473684210526550e-01 2.255639097744360777e-01 1.246611875163514127e-01
6.842105263157893802e-01 2.255639097744360777e-01 4.223527846267760566e-01
7.894736842105261054e-01 2.255639097744360777e-01 6.345756881245866454e-01
8.947368421052630527e-01 2.255639097744360777e-01 9.258597701535801194e-01
1.000000000000000000e+00 2.255639097744360777e-01 1.024980800668746861e+00
-1.000000000000000000e+00 2.506265664160400863e-01 9.029973445418111311e-01
-8.947368421052631637e-01 2.506265664160400863e-01 8.495297503300495157e-01
-7.894736842105263275e-01 2.506265664160400863e-01 6.831275386247824821e-01
-6.842105263157894912e-01 2.506265664160400863e-01 5.049077367065627486e-01
-5.789473684210526550e-01 2.506265664160400863e-01 2.485792154043698354e-01
-4.736842105263158187e-01 2.506265664160400863e-01 -1.080527183462292179e-01
-3.684210526315789824e-01 2.506265664160400863e-01 -3.755980154079859856e-01
-2.631578947368421462e-01 2.506265664160400863e-01 -5.780659271967263368e-01
-1.578947368421053099e-01 2.506265664160400863e-01 -7.033448137767337460e-01
-5.263157894736847364e-02 2.506265664160400863e-01 -8.107497356517061604e-01
5.263157894736836262e-02 2.506265664160400863e-01 -1.028621092365823220e+00
1.578947368421053099e-01 2.506265664160400863e-01 -1.031671093365747138e+00
2.631578947368420351e-01 2.506265664160400863e-01 -7.696097148664874377e-01
3.684210526315787604e-01 2.506265664160400863e-01 -6.212607375499223927e-01
4.736842105263157077e-01 2.506265664160400863e-01 -2.473990886324591854e-01
5.789473684210526550e-01 2.506265664160400863e-01 9.683561984215570406e-02
6.842105263157893802e-01 2.506265664160400863e-01 4.830017061460235572e-01
7.894736842105261054e-01 2.506265664160400863e-01 6.676419142302273402e-01
8.947368421052630527e-01 2.506265664160400863e-01 8.903021634391224959e-01
1.000000000000000000e+00 2.506265664160400863e-01 9.474499478946966091e-01
-1.000000000000000000e+00 2.756892230576440950e-01 9.608899336570009275e-01
-8.947368421052631637e-01 2.756892230576440950e-01 9.676721582865944749e-01
-7.894736842105263275e-01 2.756892230576440950e-01 9.334042261865078682e-01
-6.842105263157894912e-01 2.756892230576440950e-01 7.204286818952906346e-01
-5.789473684210526550e-01 2.756892230576440950e-01 3.331561132821054816e-01
-4.736842105263158187e-01 2.756892230576440950e-01 1.148657240304695182e-01
-3.684210526315789824e-01 2.756892230576440950e-01 -2.249750405322508973e-01
-2.631578947368421462e-01 2.756892230576440950e-01 -5.213687235991925073e-01
-1.578947368421053099e-01 2.756892230576440950e-01 -7.331027189314135439e-01
-5.263157894736847364e-02 2.756892230576440950e-01 -1.025459021940816395e+00
5.263157894736836262e-02 2.756892230576440950e-01 -1.022539546820947276e+00
1.578947368421053099e-01 2.756892230576440950e-01 -9.062665794407571696e-01
2.631578947368420351e-01 2.756892230576440950e-01 -7.184170509614510314e-01
3.684210526315787604e-01 2.756892230576440950e-01 -5.579884685338745154e-01
4.736842105263157077e-01 2.756892230576440950e-01 -2.790494382151400554e-01
5.789473684210526550e-01 2.756892230576440950e-01 -1.179501573903393302e-01
6.842105263157893802e-01 2.756892230576440950e-01 1.080280172973141772e-01
7.894736842105261054e-01 2.756892230576440950e-01 3.790599316086163961e-01
8.947368421052630527e-01 2.756892230576440950e-01 7.260407481448949429e-01
1.000000000000000000e+00 2.756892230576440950e-01 8.635712119773656381e-01
-1.000000000000000000e+00 3.007518796992481036e-01 8.797336024595041604e-01
-8.947368421052631637e-01 3.007518796992481036e-01 9.914242603038403434e-01
-7.894736842105263275e-01 3.007518796992481036e-01 8.624922311131086872e-01
-6.842105263157894912e-01 3.007518796992481036e-01 6.428586230835360293e-01
-5.789473684210526550e-01 3.007518796992481036e-01 5.264588299149018935e-01
-4.736842105263158187e-01 3.007518796992481036e-01 2.470260132914004481e-01
-3.684210526315789824e-01 3.007518796992481036e-01 -7.847219363807719783e-02
-2.631578947368421462e-01 3.007518796992481036e-01 -2.934393463148670667e-01
-1.578947368421053099e-01 3.007518796992481036e-01 -5.618053551566204451e-01
-5.263157894736847364e-02 3.007518796992481036e-01 -7.729717913699606369e-01
5.263157894736836262e-02 3.007518796992481036e-01 -8.785131247696710277e-01
1.578947368421053099e-01 3.007518796992481036e-01 -9.712964603176111877e-01
2.631578947368420351e-01 3.007518796992481036e-01 -8.945630828345685348e-01
3.684210526315787604e-01 3.007518796992481036e-01 -8.740299025179782966e-01
4.736842105263157077e-01 3.007518796992481036e-01 -6.224718444560096708e-01
5.789473684210526550e-01 3.007518796992481036e-01 -3.570383935495444749e-01
6.842105263157893802e-01 3.007518796992481036e-01 1.259441266131475778e-01
7.894736842105261054e-01 3.007518796992481036e-01 4.833347084073384980e-01
8.947368421052630527e-01 3.007518796992481036e-01 7.246320538609050121e-01
1.000000000000000000e+00 3.007518796992481036e-01 8.206970458771973842e-01
-1.000000000000000000e+00 3.258145363408521122e-01 8.979591130599018367e-01
-8.947368421052631637e-01 3.258145363408521122e-01 1.030036221759678350e+00
-7.894736842105263275e-01 3.258145363408521122e-01 9.664805546463794972e-01
-6.842105263157894912e-01 3.258145363408521122e-01 9.522926933474687994e-01
-5.789473684210526550e-01 3.258145363408521122e-01 6.644290816256751553e-01
-4.736842105263158187e-01 3.258145363408521122e-01 3.802220042480609630e-01
-3.684210526315789824e-01 3.258145363408521122e-01 1.372019109541889881e-01
-2.631578947368421462e-01 3.258145363408521122e-01 -1.884026449973023876e-01
-1.578947368421053099e-01 3.258145363408521122e-01 -5.011639043372749791e-01
-5.263157894736847364e-02 3.258145363408521122e-01 -8.435808201080670088e-01
5.263157894736836262e-02 3.258145363408521122e-01 -9.206048899617559345e-01
1.578947368421053099e-01 3.258145363408521122e-01 -9.571064143297929316e-01
2.631578947368420351e-01 3.258145363408521122e-01 -9.206645613989982158e-01
3.684210526315787604e-01 3.258145363408521122e-01 -8.452180590952315109e-01
4.736842105263157077e-01 3.258145363408521122e-01 -5.421258637009475079e-01
5.789473684210526550e-01 3.258145363408521122e-01 -3.016656892057116846e-01
6.842105263157893802e-01 3.258145363408521122e-01 -6.518325929310822553e-02
7.894736842105261054e-01 3.258145363408521122e-01 1.202083652825861326e-01
8.947368421052630527e-01 3.258145363408521122e-01 3.671070615125583969e-01
1.000000000000000000e+00 3.258145363408521122e-01 5.697790999916571009e-01
-1.000000000000000000e+00 3.508771929824561209e-01 9.031932033715481811e-01
-8.947368421052631637e-01 3.508771929824561209e-01 9.479086815719918180e-01
-7.894736842105263275e-01 3.508771929824561209e-01 9.196793069234974194e-01
-6.842105263157894912e-01 3.508771929824561209e-01 7.812528648203760362e-01
-5.789473684210526550e-01 3.508771929824561209e-01 6.859942759257950939e-01
-4.736842105263158187e-01 3.508771929824561209e-01 5.622914550561881608e-01
-3.684210526315789824e-01 3.508771929824561209e-01 2.920883071699542088e-01
-2.631578947368421462e-01 3.508771929824561209e-01 -2.371627097362005027e-02
-1.578947368421053099e-01 3.508771929824561209e-01 -3.601788773202888039e-01
-5.263157894736847364e-02 3.508771929824561209e-01 -5.810009389141344016e-01
5.263157894736836262e-02 3.508771929824561209e-01 -6.625147885308410034e-01
1.578947368421053099e-01 3.508771929824561209e-01 -9.121266927575263361e-01
2.631578947368420351e-01 3.508771929824561209e-01 -9.759610245280554430e-01
3.684210526315787604e-01 3.508771929824561209e-01 -9.675878074022551401e-01
4.736842105263157077e-01 3.508771929824561209e-01 -7.836312818484318932e-01
5.789473684210526550e-01 3.508771929824561209e-01 -6.850027564072501685e-01
6.842105263157893802e-01 3.508771929824561209e-01 -3.022235137123995830e-01
7.894736842105261054e-01 3.508771929824561209e-01 7.710891210861964273e-02
8.947368421052630527e-01 3.508771929824561209e-01 3.669896356558412509e-01
1.000000000000000000e+00 3.508771929824561209e-01 7.174373097909502173e-01
-1.000000000000000000e+00 3.759398496240601295e-01 6.363697308826222754e-01
-8.947368421052631637e-01 3.759398496240601295e-01 8.319700071901786620e-01
-7.894736842105263275e-01 3.759398496240601295e-01 8.933435610800050108e-01
-6.842105263157894912e-01 3.759398496240601295e-01 1.065433955546214007e+00
-5.789473684210526550e-01 3.759398496240601295e-01 9.818685294483355808e-01
-4.736842105263158187e-01 3.759398496240601295e-01 7.022271135172826195e-01
-3.684210526315789824e-01 3.759398496240601295e-01 4.307927571777482867e-01
-2.631578947368421462e-01 3.759398496240601295e-01 5.858738891493290440e-02
-1.578947368421053099e-01 3.759398496240601295e-01 -2.062083005222332122e-01
-5.263157894736847364e-02 3.759398496240601295e-01 -4.789059323568924942e-01
5.263157894736836262e-02 3.759398496240601295e-01 -7.015953801827621295e-01
1.578947368421053099e-01 3.759398496240601295e-01 -9.706376367269045069e-01
2.631578947368420351e-01 3.759398496240601295e-01 -9.799781736381116826e-01
3.684210526315787604e-01 3.759398496240601295e-01 -9.541302201253430981e-01
4.736842105263157077e-01 3.759398496240601295e-01 -8.135507010353004720e-01
5.789473684210526550e-01 3.759398496240601295e-01 -5.659307600465059984e-01
6.842105263157893802e-01 3.759398496240601295e-01 -2.704919838979506497e-01
7.894736842105261054e-01 3.759398496240601295e-01 -1.621074791436502294e-01
8.947368421052630527e-01 3.759398496240601295e-01 1.128852037942680853e-01
1.000000000000000000e+00 3.759398496240601295e-01 3.900583201240253040e-01
-1.000000000000000000e+00 4.010025062656641381e-01 6.905379237006195048e-01
-8.947368421052631637e-01 4.010025062656641381e-01 8.097575218892181237e-01
-7.894736842105263275e-01 4.010025062656641381e-01 9.837051109272652027e-01
-6.842105263157894912e-01 4.010025062656641381e-01 9.605545322967533606e-01
-5.789473684210526550e-01 4.010025062656641381e-01 7.850159582122344659e-01
-4.736842105263158187e-01 4.010025062656641381e-01 7.014667497304311050e-01
-3.684210526315789824e-01 4.010025062656641381e-01 5.301480645134926117e-01
-2.631578947368421462e-01 4.010025062656641381e-01 2.547338500041103071e-01
-1.578947368421053099e-01 4.010025062656641381e-01 3.075715354737636534e-02
-5.263157894736847364e-02 4.010025062656641381e-01 -2.548320933105918673e-01
5.263157894736836262e-02 4.010025062656641381e-01 -5.184958512611674841e-01
1.578947368421053099e-01 4.010025062656641381e-01 -8.276196099507168169e-01
2.631578947368420351e-01 4.010025062656641381e-01 -8.814418124474235894e-01
3.684210526315787604e-01 4.010025062656641381e-01 -9.845998994642782831e-01
4.736842105263157077e-01 4.010025062656641381e-01 -8.686036507508005933e-01
5.789473684210526550e-01 4.010025062656641381e-01 -8.293388081173806992e-01
6.842105263157893802e-01 4.010025062656641381e-01 -6.946475031225989305e-01
7.894736842105261054e-01 4.010025062656641381e-01 -3.614740784700489207e-01
8.947368421052630527e-01 4.010025062656641381e-01 2.645984978762359885e-02
1.000000000000000000e+00 4.010025062656641381e-01 4.479165922858361903e-01
-1.000000000000000000e+00 4.260651629072681468e-01 2.875557645017839947e-01
-8.947368421052631637e-01 4.260651629072681468e-01 6.080746965394155934e-01
-7.894736842105263275e-01 4.260651629072681468e-01 8.032703058658851036e-01
-6.842105263157894912e-01 4.260651629072681468e-01 9.522323092041254933e-01
-5.789473684210526550e-01 4.260651629072681468e-01 1.061523643522620519e+00
-4.736842105263158187e-01 4.260651629072681468e-01 9.630443418821844626e-01
-3.684210526315789824e-01 4.260651629072681468e-01 7.227657662705867514e-01
-2.631578947368421462e-01 4.260651629072681468e-01 3.998339202573902851e-01
-1.578947368421053099e-01 4.260651629072681468e-01 1.872510440864716963e-01
-5.263157894736847364e-02 4.260651629072681468e-01 -2.072178003957399761e-01
5.263157894736836262e-02 4.260651629072681468e-01 -5.254659785240716197e-01
1.578947368421053099e-01 4.260651629072681468e-01 -7.798815389380484575e-01
2.631578947368420351e-01 4.260651629072681468e-01 -8.488460491760628779e-01
3.684210526315787604e-01 4.260651629072681468e-01 -9.346809361259933446e-01
4.736842105263157077e-01 4.260651629072681468e-01 -9.597194176388316178e-01
5.789473684210526550e-01 4.260651629072681468e-01 -8.820354927236424558e-01
6.842105263157893802e-01 4.260651629072681468e-01 -5.773146976243569428e-01
7.894736842105261054e-01 4.260651629072681468e-01 -3.707071362913261225e-01
8.947368421052630527e-01 4.260651629072681468e-01 -6.758513817740244289e-02
1.000000000000000000e+00 4.260651629072681468e-01 1.679023934849619981e-01
-1.000000000000000000e+00 4.511278195488721554e-01 3.234752456373856111e-01
-8.947368421052631637e-01 4.511278195488721554e-01 6.673660403258758755e-01
-7.894736842105263275e-01 4.511278195488721554e-01 9.097965132196518256e-01
-6.842105263157894912e-01 4.511278195488721554e-01 1.005739541085491240e+00
-5.789473684210526550e-01 4.511278195488721554e-01 9.151574487479836595e-01
-4.736842105263158187e-01 4.511278195488721554e-01 7.804610959321904851e-01
-3.684210526315789824e-01 4.511278195488721554e-01 6.788464578924550130e-01
-2.631578947368421462e-01 4.511278195488721554e-01 5.467603042022904924e-01
-1.578947368421053099e-01 4.511278195488721554e-01 3.540542615529772563e-01
-5.263157894736847364e-02 4.511278195488721554e-01 -1.408126057016334531e-02
5.263157894736836262e-02 4.511278195488721554e-01 -2.508345337530597519e-01
1.578947368421053099e-01 4.511278195488721554e-01 -5.359856940723952690e-01
2.631578947368420351e-01 4.511278195488721554e-01 -6.802689061442016571e-01
3.684210526315787604e-01 4.511278195488721554e-01 -9.720521410507305671e-01
4.736842105263157077e-01 4.511278195488721554e-01 -9.790028345680243937e-01
5.789473684210526550e-01 4.511278195488721554e-01 -8.986101730568402113e-01
6.842105263157893802e-01 4.511278195488721554e-01 -8.748063968767942900e-01
7.894736842105261054e-01 4.511278195488721554e-01 -6.247169186653820372e-01
8.947368421052630527e-01 4.511278195488721554e-01 -3.129820126017490711e-01
1.000000000000000000e+00 4.511278195488721554e-01 -3.831603723701250408e-02
-1.000000000000000000e+00 4.761904761904761640e-01 9.670031663570383129e-02
-8.947368421052631637e-01 4.761904761904761640e-01 4.323510649965248143e-01
-7.894736842105263275e-01 4.761904761904761640e-01 6.077816677231265841e-01
-6.842105263157894912e-01 4.761904761904761640e-01 7.245087671477014046e-01
-5.789473684210526550e-01 4.761904761904761640e-01 9.249859976471007661e-01
-4.736842105263158187e-01 4.761904761904761640e-01 1.024693025063868834e+00
-3.684210526315789824e-01 4.761904761904761640e-01 1.014744547298143562e+00
-2.631578947368421462e-01 4.761904761904761640e-01 7.636998637286727121e-01
-1.578947368421053099e-01 4.761904761904761640e-01 5.033653823602486366e-01
-5.263157894736847364e-02 4.761904761904761640e-01 7.152815314739893737e-02
5.263157894736836262e-02 4.761904761904761640e-01 -2.103645890751551228e-01
1.578947368421053099e-01 4.761904761904761640e-01 -4.695356726938511582e-01
2.631578947368420351e-01 4.761904761904761640e-01 -7.184910459246262038e-01
3.684210526315787604e-01 4.761904761904761640e-01 -8.924073661337906804e-01
4.736842105263157077e-01 4.761904761904761640e-01 -9.091329444941308457e-01
5.789473684210526550e-01 4.761904761904761640e-01 -1.017571423155031685e+00
6.842105263157893802e-01 4.761904761904761640e-01 -8.263609536146997447e-01
7.894736842105261054e-01 4.761904761904761640e-01 -5.732524673877414934e-01
8.947368421052630527e-01 4.761904761904761640e-01 -3.997931354490877887e-01
1.000000000000000000e+00 4.761904761904761640e-01 -1.474491878204305662e-01
-1.000000000000000000e+00 5.012531328320801727e-01 1.149149914276943740e-02
-8.947368421052631637e-01 5.012531328320801727e-01 3.540031502487115955e-01
-7.894736842105263275e-01 5.012531328320801727e-01 5.922136152319634750e-01
-6.842105263157894912e-01 5.012531328320801727e-01 8.626202922392289807e-01
-5.789473684210526550e-01 5.012531328320801727e-01 1.011194462661237470e+00
-4.736842105263158187e-01 5.012531328320801727e-01 9.355197992718128353e-01
-3.684210526315789824e-01 5.012531328320801727e-01 8.412986230127978970e-01
-2.631578947368421462e-01 5.012531328320801727e-01 7.061238913097007686e-01
-1.578947368421053099e-01 5.012531328320801727e-01 5.118076546800585103e-01
-5.263157894736847364e-02 5.012531328320801727e-01 2.191416777430754970e-01
5.263157894736836262e-02 5.012531328320801727e-01 1.418011822398395350e-01
1.578947368421053099e-01 5.012531328320801727e-01 -2.078585498636242590e-01
2.631578947368420351e-01 5.012531328320801727e-01 -4.742261477410991688e-01
3.684210526315787604e-01 5.012531328320801727e-01 -7.754808832953575815e-01
4.736842105263157077e-01 5.012531328320801727e-01 -9.740155129479413088e-01
5.789473684210526550e-01 5.012531328320801727e-01 -9.526393898163413310e-01
6.842105263157893802e-01 5.012531328320801727e-01 -9.105524156068649511e-01
7.894736842105261054e-01 5.012531328320801727e-01 -8.302949864296373939e-01
8.947368421052630527e-01 5.012531328320801727e-01 -6.675777175661371521e-01
1.000000000000000000e+00 5.012531328320801727e-01 -3.945702445142487691e-01
-1.000000000000000000e+00 5.263157894736841813e-01 -1.137630452452184637e-01
-8.947368421052631637e-01 5.263157894736841813e-01 1.251382883063116569e-01
-7.894736842105263275e-01 5.263157894736841813e-01 3.578104451238771078e-01
-6.842105263157894912e-01 5.263157894736841813e-01 5.746818642481344996e-01
-5.789473684210526550e-01 5.263157894736841813e-01 7.655621139585728763e-01
-4.736842105263158187e-01 5.263157894736841813e-01 8.946006887768309657e-01
-3.684210526315789824e-01 5.263157894736841813e-01 1.092904465462569696e+00
-2.631578947368421462e-01 5.263157894736841813e-01 9.346099041441767730e-01
-1.578947368421053099e-01 5.263157894736841813e-01 7.538744130779867492e-01
-5.263157894736847364e-02 5.263157894736841813e-01 5.266455343364447872e-01
5.263157894736836262e-02 5.263157894736841813e-01 2.152279721953465064e-01
1.578947368421053099e-01 5.263157894736841813e-01 -2.167688936292502533e-01
2.631578947368420351e-01 5.263157894736841813e-01 -5.361016075647659918e-01
3.684210526315787604e-01 5.263157894736841813e-01 -7.724741147140437025e-01
4.736842105263157077e-01 5.263157894736841813e-01 -7.906757188181188223e-01
5.789473684210526550e-01 5.263157894736841813e-01 -9.296128000903221000e-01
6.842105263157893802e-01 5.263157894736841813e-01 -9.487223768757397924e-01
7.894736842105261054e-01 5.263157894736841813e-01 -8.267093095897446453e-01
8.947368421052630527e-01 5.263157894736841813e-01 -7.126814182078868853e-01
1.000000000000000000e+00 5.263157894736841813e-01 -3.935464048952200811e-01
-1.000000000000000000e+00 5.513784461152881899e-01 -3.245961352992098314e-01
-8.947368421052631637e-01 5.513784461152881899e-01 -7.455186047108250391e-02
-7.894736842105263275e-01 5.513784461152881899e-01 2.562401148924400851e-01
-6.842105263157894912e-01 5.513784461152881899e-01 6.023552867910207942e-01
-5.789473684210526550e-01 5.513784461152881899e-01 8.849326025355036540e-01
-4.736842105263158187e-01 5.513784461152881899e-01 1.012550761500408569e+00
-3.684210526315789824e-01 5.513784461152881899e-01 9.637464938492600330e-01
-2.631578947368421462e-01 5.513784461152881899e-01 7.813122669730482306e-01
-1.578947368421053099e-01 5.513784461152881899e-01 7.439441534444257709e-01
-5.263157894736847364e-02 5.513784461152881899e-01 5.009562838816263852e-01
5.263157894736836262e-02 5.513784461152881899e-01 3.500836895834250617e-01
1.578947368421053099e-01 5.513784461152881899e-01 1.678097895812501530e-02
2.631578947368420351e-01 5.513784461152881899e-01 -1.952468929036536571e-01
3.684210526315787604e-01 5.513784461152881899e-01 -4.044784953115064807e-01
4.736842105263157077e-01 5.513784461152881899e-01 -7.520571638961508487e-01
5.789473684210526550e-01 5.513784461152881899e-01 -9.318500949416146373e-01
6.842105263157893802e-01 5.513784461152881899e-01 -9.711914651035729040e-01
7.894736842105261054e-01 5.513784461152881899e-01 -1.002086606861659401e+00
8.947368421052630527e-01 5.513784461152881899e-01 -8.724201539958428286e-01
1.000000000000000000e+00 5.513784461152881899e-01 -5.844237636250452228e-01
-1.000000000000000000e+00 5.764411027568921986e-01 -4.896879865891030081e-01
-8.947368421052631637e-01 5.764411027568921986e-01 -2.296873467561008630e-01
-7.894736842105263275e-01 5.764411027568921986e-01 1.370758121202265423e-01
-6.842105263157894912e-01 5.764411027568921986e-01 3.949073099372117923e-01
-5.789473684210526550e-01 5.764411027568921986e-01 6.251700091314470464e-01
-4.736842105263158187e-01 5.764411027568921986e-01 7.015649706892553850e-01
-3.684210526315789824e-01 5.764411027568921986e-01 9.224067358572863862e-01
-2.631578947368421462e-01 5.764411027568921986e-01 9.766174089852328599e-01
-1.578947368421053099e-01 5.764411027568921986e-01 9.766012389577943820e-01
-5.263157894736847364e-02 5.764411027568921986e-01 8.512229890122220421e-01
5.263157894736836262e-02 5.764411027568921986e-01 5.510437800586673873e-01
1.578947368421053099e-01 5.764411027568921986e-01 1.278631829102593598e-01
2.631578947368420351e-01 5.764411027568921986e-01 -1.437962075974344445e-01
3.684210526315787604e-01 5.764411027568921986e-01 -5.331775895535337817e-01
4.736842105263157077e-01 5.764411027568921986e-01 -7.164071621030135839e-01
5.789473684210526550e-01 5.764411027568921986e-01 -8.165784024201829805e-01
6.842105263157893802e-01 5.764411027568921986e-01 -9.680365897833824729e-01
7.894736842105261054e-01 5.764411027568921986e-01 -9.457124351482324442e-01
8.947368421052630527e-01 5.764411027568921986e-01 -8.109343869458636167e-01
1.000000000000000000e+00 5.764411027568921986e-01 -6.104553307628077796e-01
-1.000000000000000000e+00 6.015037593984962072e-01 -6.739043529100304797e-01
-8.947368421052631637e-01 6.015037593984962072e-01 -3.529330640847595513e-01
-7.894736842105263275e-01 6.015037593984962072e-01 -9.525794242194497718e-03
-6.842105263157894912e-01 6.015037593984962072e-01 2.666170237235286344e-01
-5.789473684210526550e-01 6.015037593984962072e-01 5.549621790964915924e-01
-4.736842105263158187e-01 6.015037593984962072e-01 8.312395263373574261e-01
-3.684210526315789824e-01 6.015037593984962072e-01 9.924445953477508686e-01
-2.631578947368421462e-01 6.015037593984962072e-01 9.067927402262896397e-01
-1.578947368421053099e-01 6.015037593984962072e-01 9.837569651892035250e-01
-5.263157894736847364e-02 6.015037593984962072e-01 7.046284204041727284e-01
5.263157894736836262e-02 6.015037593984962072e-01 4.622222762116652839e-01
1.578947368421053099e-01 6.015037593984962072e-01 2.798796569886923269e-01
2.631578947368420351e-01 6.015037593984962072e-01 9.346286806385864510e-02
3.684210526315787604e-01 6.015037593984962072e-01 -1.179435009353587971e-01
4.736842105263157077e-01 6.015037593984962072e-01 -4.232784243980091121e-01
5.789473684210526550e-01 6.015037593984962072e-01 -7.403397302669416646e-01
6.842105263157893802e-01 6.015037593984962072e-01 -9.426549488324773574e-01
7.894736842105261054e-01 6.015037593984962072e-01 -9.881722828523793467e-01
8.947368421052630527e-01 6.015037593984962072e-01 -9.540501204196358831e-01
1.000000000000000000e+00 6.015037593984962072e-01 -8.732040326472749747e-01
-1.000000000000000000e+00 6.265664160401002158e-01 -7.162734316463589268e-01
-8.947368421052631637e-01 6.265664160401002158e-01 -4.759331057272345178e-01
-7.894736842105263275e-01 6.265664160401002158e-01 -1.624440054076819739e-01
-6.842105263157894912e-01 6.265664160401002158e-01 4.464706347134448500e-02
-5.789473684210526550e-01 6.265664160401002158e-01 4.097461983557230680e-01
-4.736842105263158187e-01 6.265664160401002158e-01 5.483082063112072468e-01
-3.684210526315789824e-01 6.265664160401002158e-01 7.412708349943447628e-01
-2.631578947368421462e-01 6.265664160401002158e-01 9.586680709089910879e-01
-1.578947368421053099e-01 6.265664160401002158e-01 1.019004407743573815e+00
-5.263157894736847364e-02 6.265664160401002158e-01 8.776954959572131898e-01
5.263157894736836262e-02 6.265664160401002158e-01 8.176745284709898698e-01
1.578947368421053099e-01 6.265664160401002158e-01 5.850359953628267995e-01
2.631578947368420351e-01 6.265664160401002158e-01 2.878300167463760384e-01
3.684210526315787604e-01 6.265664160401002158e-01 -1.837917405742025556e-01
4.736842105263157077e-01 6.265664160401002158e-01 -5.438603466100322414e-01
5.789473684210526550e-01 6.265664160401002158e-01 -7.180485826336182598e-01
6.842105263157893802e-01 6.265664160401002158e-01 -8.730533299415840220e-01
7.894736842105261054e-01 6.265664160401002158e-01 -8.941094856144076175e-01
8.947368421052630527e-01 6.265664160401002158e-01 -8.964596295987268260e-01
1.000000000000000000e+00 6.265664160401002158e-01 -8.259071605687884343e-01
-1.000000000000000000e+00 6.516290726817042245e-01 -8.912912293795105523e-01
-8.947368421052631637e-01 6.516290726817042245e-01 -5.856257011536337709e-01
-7.894736842105263275e-01 6.516290726817042245e-01 -3.479857649741048831e-01
-6.842105263157894912e-01 6.516290726817042245e-01 -6.866677036661217315e-02
-5.789473684210526550e-01 6.516290726817042245e-01 2.487765774457258716e-01
-4.736842105263158187e-01 6.516290726817042245e-01 5.013394192704985208e-01
-3.684210526315789824e-01 6.516290726817042245e-01 8.910266574048133492e-01
-2.631578947368421462e-01 6.516290726817042245e-01 9.312061476125657045e-01
-1.578947368421053099e-01 6.516290726817042245e-01 9.814629092258917442e-01
-5.263157894736847364e-02 6.516290726817042245e-01 8.689829158057145175e-01
5.263157894736836262e-02 6.516290726817042245e-01 7.523756192049771974e-01
1.578947368421053099e-01 6.516290726817042245e-01 5.674705350917040869e-01
2.631578947368420351e-01 6.516290726817042245e-01 2.741769685963136305e-01
3.684210526315787604e-01 6.516290726817042245e-01 5.267420475062646601e-02
4.736842105263157077e-01 6.516290726817042245e-01 -1.340754807532873183e-01
5.789473684210526550e-01 6.516290726817042245e-01 -4.082560356967080972e-01
6.842105263157893802e-01 6.516290726817042245e-01 -6.897662840678514540e-01
7.894736842105261054e-01 6.516290726817042245e-01 -8.521975435871482762e-01
8.947368421052630527e-01 6.516290726817042245e-01 -1.001264729596343717e+00
1.000000000000000000e+00 6.516290726817042245e-01 -1.090362414833671689e+00
-1.000000000000000000e+00 6.766917293233082331e-01 -7.228036981629829549e-01
-8.947368421052631637e-01 6.766917293233082331e-01 -6.929012361779768314e-01
-7.894736842105263275e-01 6.766917293233082331e-01 -4.981768370308740645e-01
-6.842105263157894912e-01 6.766917293233082331e-01 -3.027441486903988399e-01
-5.789473684210526550e-01 6.766917293233082331e-01 8.495839980496482091e-02
-4.736842105263158187e-01 6.766917293233082331e-01 3.658914092656020411e-01
-3.684210526315789824e-01 6.766917293233082331e-01 5.925333011221368684e-01
-2.631578947368421462e-01 6.766917293233082331e-01 7.753556595323032319e-01
-1.578947368421053099e-01 6.766917293233082331e-01 9.193057018801248370e-01
-5.263157894736847364e-02 6.766917293233082331e-01 9.103624380930146476e-01
5.263157894736836262e-02 6.766917293233082331e-01 9.927546652234471303e-01
1.578947368421053099e-01 6.766917293233082331e-01 8.324787595813397667e-01
2.631578947368420351e-01 6.766917293233082331e-01 5.803635057444860301e-01
3.684210526315787604e-01 6.766917293233082331e-01 2.588614498399078312e-01
4.736842105263157077e-01 6.766917293233082331e-01 -1.497369942136979326e-01
5.789473684210526550e-01 6.766917293233082331e-01 -4.773148403140840546e-01
6.842105263157893802e-01 6.766917293233082331e-01 -7.057584042144411374e-01
7.894736842105261054e-01 6.766917293233082331e-01 -8.432320510630129107e-01
8.947368421052630527e-01 6.766917293233082331e-01 -1.010004397046539992e+00
1.000000000000000000e+00 6.766917293233082331e-01 -9.101926831733562206e-01
-1.000000000000000000e+00 7.017543859649122417e-01 -1.023451712762033283e+00
-8.947368421052631637e-01 7.017543859649122417e-01 -9.282228842002827607e-01
-7.894736842105263275e-01 7.017543859649122417e-01 -6.914634489216433533e-01
-6.842105263157894912e-01 7.017543859649122417e-01 -3.704874500536659010e-01
-5.789473684210526550e-01 7.017543859649122417e-01 6.957378970162657848e-03
-4.736842105263158187e-01 7.017543859649122417e-01 1.952516439069277854e-01
-3.684210526315789824e-01 7.017543859649122417e-01 6.089217797345485295e-01
-2.631578947368421462e-01 7.017543859649122417e-01 7.478738934026837315e-01
-1.578947368421053099e-01 7.017543859649122417e-01 8.705468947187425810e-01
-5.263157894736847364e-02 7.017543859649122417e-01 9.980006042992136672e-01
5.263157894736836262e-02 7.017543859649122417e-01 9.874415056743029995e-01
1.578947368421053099e-01 7.017543859649122417e-01 7.631616958630808023e-01
2.631578947368420351e-01 7.017543859649122417e-01 4.936435618648084556e-01
3.684210526315787604e-01 7.017543859649122417e-01 2.970520017271416902e-01
4.736842105263157077e-01 7.017543859649122417e-01 8.581700498102400043e-02
5.789473684210526550e-01 7.017543859649122417e-01 -1.144618356389715541e-01
6.842105263157893802e-01 7.017543859649122417e-01 -3.807305125417568825e-01
7.894736842105261054e-01 7.017543859649122417e-01 -6.994234364187700281e-01
8.947368421052630527e-01 7.017543859649122417e-01 -8.742472086115335994e-01
1.000000000000000000e+00 7.017543859649122417e-01 -9.721794759940155517e-01
-1.000000000000000000e+00 7.268170426065162504e-01 -8.331760530332434911e-01
-8.947368421052631637e-01 7.268170426065162504e-01 -8.647879369493507440e-01
-7.894736842105263275e-01 7.268170426065162504e-01 -6.617706176393162165e-01
-6.842105263157894912e-01 7.268170426065162504e-01 -5.038234052341246105e-01
-5.789473684210526550e-01 7.268170426065162504e-01 -2.653740828651792172e-01
-4.736842105263158187e-01 7.268170426065162504e-01 4.447479821802924338e-02
-3.684210526315789824e-01 7.268170426065162504e-01 3.298956423054249520e-01
-2.631578947368421462e-01 7.268170426065162504e-01 4.941660474350552668e-01
-1.578947368421053099e-01 7.268170426065162504e-01 8.281019748307762995e-01
-5.263157894736847364e-02 7.268170426065162504e-01 9.760283671364601288e-01
5.263157894736836262e-02 7.268170426065162504e-01 9.749229904871039576e-01
1.578947368421053099e-01 7.268170426065162504e-01 8.671927131771103303e-01
2.631578947368420351e-01 7.268170426065162504e-01 8.060013041918993038e-01
3.684210526315787604e-01 7.268170426065162504e-01 6.438987373106686007e-01
4.736842105263157077e-01 7.268170426065162504e-01 2.877732072852394740e-01
5.789473684210526550e-01 7.268170426065162504e-01 -8.030010093963521611e-02
6.842105263157893802e-01 7.268170426065162504e-01 -4.819422179359207914e-01
7.894736842105261054e-01 7.268170426065162504e-01 -7.205406613084895939e-01
8.947368421052630527e-01 7.268170426065162504e-01 -9.009969045201619009e-01
1.000000000000000000e+00 7.268170426065162504e-01 -9.397438019523776109e-01
-1.000000000000000000e+00 7.518796992481202590e-01 -1.040236438274890762e+00
-8.947368421052631637e-01 7.518796992481202590e-01 -1.106159118991679291e+00
-7.894736842105263275e-01 7.518796992481202590e-01 -8.904327916843705060e-01
-6.842105263157894912e-01 7.518796992481202590e-01 -7.139667630988806302e-01
-5.789473684210526550e-01 7.518796992481202590e-01 -3.209661519568952071e-01
-4.736842105263158187e-01 7.518796992481202590e-01 -1.000198511744235519e-01
-3.684210526315789824e-01 7.518796992481202590e-01 2.436511577063887601e-01
-2.631578947368421462e-01 7.518796992481202590e-01 5.316540334425130521e-01
-1.578947368421053099e-01 7.518796992481202590e-01 7.956778449075829762e-01
-5.263157894736847364e-02 7.518796992481202590e-01 9.064391739269745951e-01
5.263157894736836262e-02 7.518796992481202590e-01 9.261226698271487479e-01
1.578947368421053099e-01 7.518796992481202590e-01 9.294014436308871696e-01
2.631578947368420351e-01 7.518796992481202590e-01 8.078996359221799484e-01
3.684210526315787604e-01 7.518796992481202590e-01 5.895103387312600196e-01
4.736842105263157077e-01 7.518796992481202590e-01 3.122083270742342931e-01
5.789473684210526550e-01 7.518796992481202590e-01 7.872507652231880426e-02
6.842105263157893802e-01 7.518796992481202590e-01 -1.459906673998196402e-01
7.894736842105261054e-01 7.518796992481202590e-01 -4.398554152350501179e-01
8.947368421052630527e-01 7.518796992481202590e-01 -6.044983430149388770e-01
1.000000000000000000e+00 7.518796992481202590e-01 -7.591641608605694813e-01
-1.000000000000000000e+00 7.769423558897242676e-01 -9.871890099117195394e-01
-8.947368421052631637e-01 7.769423558897242676e-01 -9.051163916229642004e-01
-7.894736842105263275e-01 7.769423558897242676e-01 -7.434652799428888015e-01
-6.842105263157894912e-01 7.769423558897242676e-01 -6.681435195703147034e-01
-5.789473684210526550e-01 7.769423558897242676e-01 -5.152256215645559800e-01
-4.736842105263158187e-01 7.769423558897242676e-01 -3.105770697160450400e-01
-3.684210526315789824e-01 7.769423558897242676e-01 1.058003427311654532e-02
-2.631578947368421462e-01 7.769423558897242676e-01 2.570003825000369835e-01
-1.578947368421053099e-01 7.769423558897242676e-01 6.034138016339553046e-01
-5.263157894736847364e-02 7.769423558897242676e-01 7.989323687419039866e-01
5.263157894736836262e-02 7.769423558897242676e-01 9.126360432858247052e-01
1.578947368421053099e-01 7.769423558897242676e-01 9.601230582734618935e-01
2.631578947368420351e-01 7.769423558897242676e-01 9.516280026989086815e-01
3.684210526315787604e-01 7.769423558897242676e-01 8.342845727896821550e-01
4.736842105263157077e-01 7.769423558897242676e-01 5.780053731320540233e-01
5.789473684210526550e-01 7.769423558897242676e-01 3.168808763003635454e-01
6.842105263157893802e-01 7.769423558897242676e-01 -1.151238048082676158e-01
7.894736842105261054e-01 7.769423558897242676e-01 -3.970214277497848832e-01
8.947368421052630527e-01 7.769423558897242676e-01 -6.118242956898065632e-01
1.000000000000000000e+00 7.769423558897242676e-01 -9.697980930529843668e-01
-1.000000000000000000e+00 8.020050125313282763e-01 -7.971514390297700370e-01
-8.947368421052631637e-01 8.020050125313282763e-01 -9.792993244017355048e-01
-7.894736842105263275e-01 8.020050125313282763e-01 -9.875441793065182772e-01
-6.842105263157894912e-01 8.020050125313282763e-01 -1.017497598177491636e+00
-5.789473684210526550e-01 8.020050125313282763e-01 -6.991347241636551857e-01
-4.736842105263158187e-01 8.020050125313282763e-01 -4.353416571950576297e-01
-3.684210526315789824e-01 8.020050125313282763e-01 -7.637660622025425894e-02
-2.631578947368421462e-01 8.020050125313282763e-01 2.918131989425806760e-01
-1.578947368421053099e-01 8.020050125313282763e-01 5.843300946340787005e-01
-5.263157894736847364e-02 8.020050125313282763e-01 6.968868434654437172e-01
5.263157894736836262e-02 8.020050125313282763e-01 8.116473854073322780e-01
1.578947368421053099e-01 8.020050125313282763e-01 1.008017934079490363e+00
2.631578947368420351e-01 8.020050125313282763e-01 9.645061220158097637e-01
3.684210526315787604e-01 8.020050125313282763e-01 7.864337466372557373e-01
4.736842105263157077e-01 8.020050125313282763e-01 5.962826887923561303e-01
5.789473684210526550e-01 8.020050125313282763e-01 3.173156568051495596e-01
6.842105263157893802e-01 8.020050125313282763e-01 1.104979844498630570e-01
7.894736842105261054e-01 8.020050125313282763e-01 -1.071065563609360366e-01
8.947368421052630527e-01 8.020050125313282763e-01 -4.236220834726224793e-01
1.000000000000000000e+00 8.020050125313282763e-01 -6.446574869013387277e-01
-1.000000000000000000e+00 8.270676691729322849e-01 -8.825768657962584918e-01
-8.947368421052631637e-01 8.270676691729322849e-01 -9.400272964253595376e-01
-7.894736842105263275e-01 8.270676691729322849e-01 -9.109160002269303114e-01
-6.842105263157894912e-01 8.270676691729322849e-01 -8.397063021483950340e-01
-5.789473684210526550e-01 8.270676691729322849e-01 -6.538893644080312484e-01
-4.736842105263158187e-01 8.270676691729322849e-01 -5.298757290168307765e-01
-3.684210526315789824e-01 8.270676691729322849e-01 -2.396540792937325859e-01
-2.631578947368421462e-01 8.270676691729322849e-01 -8.700442009644137123e-03
-1.578947368421053099e-01 8.270676691729322849e-01 2.066693306910626082e-01
-5.263157894736847364e-02 8.270676691729322849e-01 4.697430031649548199e-01
5.263157894736836262e-02 8.270676691729322849e-01 8.493893612725210707e-01
1.578947368421053099e-01 8.270676691729322849e-01 1.003995486110490276e+00
2.631578947368420351e-01 8.270676691729322849e-01 9.452224803762276917e-01
3.684210526315787604e-01 8.270676691729322849e-01 9.421736293945771612e-01
4.736842105263157077e-01 8.270676691729322849e-01 7.806369122216297862e-01
5.789473684210526550e-01 8.270676691729322849e-01 6.144443135731867400e-01
6.842105263157893802e-01 8.270676691729322849e-01 3.256035025675884653e-01
7.894736842105261054e-01 8.270676691729322849e-01 -5.150819198780929448e-02
8.947368421052630527e-01 8.270676691729322849e-01 -3.370500342974573349e-01
1.000000000000000000e+00 8.270676691729322849e-01 -7.439737137618046559e-01
-1.000000000000000000e+00 8.521303258145362935e-01 -5.068383502445948929e-01
-8.947368421052631637e-01 8.521303258145362935e-01 -8.122771474504258959e-01
-7.894736842105263275e-01 8.521303258145362935e-01 -9.643832462308270514e-01
-6.842105263157894912e-01 8.521303258145362935e-01 -1.076792709943104720e+00
-5.789473684210526550e-01 8.521303258145362935e-01 -9.331537024719641638e-01
-4.736842105263158187e-01 8.521303258145362935e-01 -7.543913572254971056e-01
-3.684210526315789824e-01 8.521303258145362935e-01 -4.179637563637461639e-01
-2.631578947368421462e-01 8.521303258145362935e-01 -1.096262785141439711e-01
-1.578947368421053099e-01 8.521303258145362935e-01 2.154981206929860726e-01
-5.263157894736847364e-02 8.521303258145362935e-01 5.847326674482924425e-01
5.263157894736836262e-02 8.521303258145362935e-01 7.560803426408431172e-01
1.578947368421053099e-01 8.521303258145362935e-01 8.558022488997915067e-01
2.631578947368420351e-01 8.521303258145362935e-01 9.195367356229861011e-01
3.684210526315787604e-01 8.521303258145362935e-01 8.992430414629288826e-01
4.736842105263157077e-01 8.521303258145362935e-01 8.343602863993926366e-01
5.789473684210526550e-01 8.521303258145362935e-01 6.287360371201364817e-01
6.842105263157893802e-01 8.521303258145362935e-01 3.953871919118484013e-01
7.894736842105261054e-01 8.521303258145362935e-01 1.521462274993965746e-01
8.947368421052630527e-01 8.521303258145362935e-01 -2.150883788503070437e-01
1.000000000000000000e+00 8.521303258145362935e-01 -4.510079724040053084e-01
-1.000000000000000000e+00 8.771929824561403022e-01 -6.057755838970295681e-01
-8.947368421052631637e-01 8.771929824561403022e-01 -9.452312572260248569e-01
-7.894736842105263275e-01 8.771929824561403022e-01 -9.838051716821871739e-01
-6.842105263157894912e-01 8.771929824561403022e-01 -9.380441639488626970e-01
-5.789473684210526550e-01 8.771929824561403022e-01 -7.981446738217448100e-01
-4.736842105263158187e-01 8.771929824561403022e-01 -6.807481773367680677e-01
-3.684210526315789824e-01 8.771929824561403022e-01 -4.697092028877832837e-01
-2.631578947368421462e-01 8.771929824561403022e-01 -3.098797934816837629e-01
-1.578947368421053099e-01 8.771929824561403022e-01 -6.196126577919536249e-02
-5.263157894736847364e-02 8.771929824561403022e-01 2.085944213083490983e-01
5.263157894736836262e-02 8.771929824561403022e-01 5.351785314171364494e-01
1.578947368421053099e-01 8.771929824561403022e-01 7.990442369930550459e-01
2.631578947368420351e-01 8.771929824561403022e-01 8.864890474895744665e-01
3.684210526315787604e-01 8.771929824561403022e-01 1.038132597150196457e+00
4.736842105263157077e-01 8.771929824561403022e-01 9.646157999409982198e-01
5.789473684210526550e-01 8.771929824561403022e-01 8.169934895218240456e-01
6.842105263157893802e-01 8.771929824561403022e-01 6.395331847709747608e-01
7.894736842105261054e-01 8.771929824561403022e-01 2.175660972859191911e-01
8.947368421052630527e-01 8.771929824561403022e-01 -2.298542244412832281e-02
1.000000000000000000e+00 8.771929824561403022e-01 -2.898626933726312638e-01
-1.000000000000000000e+00 9.022556390977443108e-01 -3.891604277415855462e-01
-8.947368421052631637e-01 9.022556390977443108e-01 -6.702219776707950549e-01
-7.894736842105263275e-01 9.022556390977443108e-01 -7.591278448786984434e-01
-6.842105263157894912e-01 9.022556390977443108e-01 -9.543898719720687041e-01
-5.789473684210526550e-01 9.022556390977443108e-01 -9.856919317005635728e-01
-4.736842105263158187e-01 9.022556390977443108e-01 -9.566331259232683237e-01
-3.684210526315789824e-01 9.022556390977443108e-01 -7.854076970932489798e-01
-2.631578947368421462e-01 9.022556390977443108e-01 -5.147069219001721985e-01
-1.578947368421053099e-01 9.022556390977443108e-01 -1.487235345579967782e-01
-5.263157894736847364e-02 9.022556390977443108e-01 3.361036442414746528e-01
5.263157894736836262e-02 9.022556390977443108e-01 5.614479461636431301e-01
1.578947368421053099e-01 9.022556390977443108e-01 6.575109638303443527e-01
2.631578947368420351e-01 9.022556390977443108e-01 8.710956967922233174e-01
3.684210526315787604e-01 9.022556390977443108e-01 9.437438834692769563e-01
4.736842105263157077e-01 9.022556390977443108e-01 9.067922215849293366e-01
5.789473684210526550e-01 9.022556390977443108e-01 8.317709229466998533e-01
6.842105263157893802e-01 9.022556390977443108e-01 6.143725374792208260e-01
7.894736842105261054e-01 9.022556390977443108e-01 3.967220216479455663e-01
8.947368421052630527e-01 9.022556390977443108e-01 1.978382770586908923e-01
1.000000000000000000e+00 9.022556390977443108e-01 -1.533347817760610243e-01
-1.000000000000000000e+00 9.273182957393483195e-01 -3.186856875786188148e-01
-8.947368421052631637e-01 9.273182957393483195e-01 -6.740669677654118619e-01
-7.894736842105263275e-01 9.273182957393483195e-01 -8.266275196470966868e-01
-6.842105263157894912e-01 9.273182957393483195e-01 -9.524635593198846895e-01
-5.789473684210526550e-01 9.273182957393483195e-01 -9.440952001781459657e-01
-4.736842105263158187e-01 9.273182957393483195e-01 -8.770843925171840638e-01
-3.684210526315789824e-01 9.273182957393483195e-01 -7.013450133095886496e-01
-2.631578947368421462e-01 9.273182957393483195e-01 -5.147871589530929048e-01
-1.578947368421053099e-01 9.273182957393483195e-01 -2.027059719171298569e-01
-5.263157894736847364e-02 9.273182957393483195e-01 -3.550773226961537188e-02
5.263157894736836262e-02 9.273182957393483195e-01 8.368591034548458762e-02
1.578947368421053099e-01 9.273182957393483195e-01 5.001311218234012479e-01
2.631578947368420351e-01 9.273182957393483195e-01 7.747608256843500074e-01
3.684210526315787604e-01 9.273182957393483195e-01 9.559405841712561580e-01
4.736842105263157077e-01 9.273182957393483195e-01 1.038466918946269857e+00
5.789473684210526550e-01 9.273182957393483195e-01 9.520214067679556580e-01
6.842105263157893802e-01 9.273182957393483195e-01 8.488294931588359349e-01
7.894736842105261054e-01 9.273182957393483195e-01 5.545591204935707008e-01
8.947368421052630527e-01 9.273182957393483195e-01 3.311514876022533804e-01
1.000000000000000000e+00 9.273182957393483195e-01 7.822334462383525797e-03
-1.000000000000000000e+00 9.523809523809523281e-01 -1.657178359325520711e-01
-8.947368421052631637e-01 9.523809523809523281e-01 -4.147487111277592398e-01
-7.894736842105263275e-01 9.523809523809523281e-01 -5.336152278279480132e-01
-6.842105263157894912e-01 9.523809523809523281e-01 -8.312883625239991803e-01
-5.789473684210526550e-01 9.523809523809523281e-01 -9.479971148321579832e-01
-4.736842105263158187e-01 9.523809523809523281e-01 -9.923148530749985596e-01
-3.684210526315789824e-01 9.523809523809523281e-01 -9.771770972366309316e-01
-2.631578947368421462e-01 9.523809523809523281e-01 -7.384252441492055175e-01
-1.578947368421053099e-01 9.523809523809523281e-01 -5.113214273767145990e-01
-5.263157894736847364e-02 9.523809523809523281e-01 -1.984446457138263620e-01
5.263157894736836262e-02 9.523809523809523281e-01 2.316353927572847582e-01
1.578947368421053099e-01 9.523809523809523281e-01 5.465743379773325694e-01
2.631578947368420351e-01 9.523809523809523281e-01 7.662612224313183340e-01
3.684210526315787604e-01 9.523809523809523281e-01 8.776295488365174480e-01
4.736842105263157077e-01 9.523809523809523281e-01 8.931214336983326341e-01
5.789473684210526550e-01 9.523809523809523281e-01 8.822459938111359978e-01
6.842105263157893802e-01 9.523809523809523281e-01 7.837656708567625197e-01
7.894736842105261054e-01 9.523809523809523281e-01 6.528942227912167828e-01
8.947368421052630527e-01 9.523809523809523281e-01 5.444802265689189236e-01
1.000000000000000000e+00 9.523809523809523281e-01 1.324424700669637744e-01
-1.000000000000000000e+00 9.774436090225563367e-01 2.116169281819486880e-02
-8.947368421052631637e-01 9.774436090225563367e-01 -2.538006061223537224e-01
-7.894736842105263275e-01 9.774436090225563367e-01 -5.961849206924699773e-01
-6.842105263157894912e-01 9.774436090225563367e-01 -8.626239183107377029e-01
-5.789473684210526550e-01 9.774436090225563367e-01 -9.301062970239163397e-01
-4.736842105263158187e-01 9.774436090225563367e-01 -1.000304256650963008e+00
-3.684210526315789824e-01 9.774436090225563367e-01 -8.622979858783833551e-01
-2.631578947368421462e-01 9.774436090225563367e-01 -6.916453241025503074e-01
-1.578947368421053099e-01 9.774436090225563367e-01 -4.985183737243575330e-01
-5.263157894736847364e-02 9.774436090225563367e-01 -2.677780827627096460e-01
5.263157894736836262e-02 9.774436090225563367e-01 -1.240843132876594673e-01
1.578947368421053099e-01 9.774436090225563367e-01 2.195853362729222047e-01
2.631578947368420351e-01 9.774436090225563367e-01 4.854033803346209930e-01
3.684210526315787604e-01 9.774436090225563367e-01 6.837914886575057194e-01
4.736842105263157077e-01 9.774436090225563367e-01 9.361823166818947772e-01
5.789473684210526550e-01 9.774436090225563367e-01 9.980298938860043823e-01
6.842105263157893802e-01 9.774436090225563367e-01 1.044520103911491082e+00
7.894736842105261054e-01 9.774436090225563367e-01 8.869965975098739186e-01
8.947368421052630527e-01 9.774436090225563367e-01 6.073596399671961077e-01
1.000000000000000000e+00 9.774436090225563367e-01 2.043136285163855148e-01
