x U
-1.000000000000000000e+00 -5.581906919548331597e-02
-9.979979979979980431e-01 -4.956076627911076143e-02
-9.959959959959959752e-01 -4.293319723133406235e-02
-9.939939939939940183e-01 -3.670716574131185211e-02
-9.919919919919919504e-01 -3.008047677902283418e-02
-9.899899899899899935e-01 -2.388072052005597162e-02
-9.879879879879880367e-01 -1.725851527668900015e-02
-9.859859859859859688e-01 -1.107963243894806091e-02
-9.839839839839840119e-01 -4.465377460392724353e-03
-9.819819819819819440e-01 1.697446415454166970e-03
-9.799799799799799871e-01 8.300459779383663125e-03
-9.779779779779780302e-01 1.445146210669192612e-02
-9.759759759759759623e-01 2.104014809643816805e-02
-9.739739739739740054e-01 2.718300264170315020e-02
-9.719719719719719375e-01 3.375450438633428168e-02
-9.699699699699699806e-01 3.989233755561610861e-02
-9.679679679679680238e-01 4.644404388452596372e-02
-9.659659659659659559e-01 5.257945366371120227e-02
-9.639639639639639990e-01 5.910901002876137872e-02
-9.619619619619619311e-01 6.524408732379201326e-02
-9.599599599599599742e-01 7.174940141453242659e-02
-9.579579579579580173e-01 7.788575352266728646e-02
-9.559559559559559494e-01 8.436499614049820794e-02
-9.539539539539539925e-01 9.050377207351395503e-02
-9.519519519519519246e-01 9.695537381173942315e-02
-9.499499499499499677e-01 1.030972911861818275e-01
-9.479479479479478998e-01 1.095199354422281973e-01
-9.459459459459459429e-01 1.156653086501559374e-01
-9.439439439439439861e-01 1.220579214737649715e-01
-9.419419419419419182e-01 1.282066908492888457e-01
-9.399399399399399613e-01 1.345684281066600596e-01
-9.379379379379378934e-01 1.407201898087474812e-01
-9.359359359359359365e-01 1.470504221175201465e-01
-9.339339339339339796e-01 1.532044584574385471e-01
-9.319319319319319117e-01 1.595027543213301535e-01
-9.299299299299299548e-01 1.656580642735572262e-01
-9.279279279279278869e-01 1.719241718185801071e-01
-9.259259259259259300e-01 1.780795014665499110e-01
-9.239239239239238621e-01 1.843133291533346485e-01
-9.219219219219219053e-01 1.904672018356936836e-01
-9.199199199199199484e-01 1.966687984945528211e-01
-9.179179179179178805e-01 2.028195444334438269e-01
-9.159159159159159236e-01 2.089890789409153682e-01
-9.139139139139138557e-01 2.151348641507200565e-01
-9.119119119119118988e-01 2.212726050382708420e-01
-9.099099099099099419e-01 2.274114593311968857e-01
-9.079079079079078740e-01 2.335177545890321782e-01
-9.059059059059059171e-01 2.396475985123721064e-01
-9.039039039039038492e-01 2.457228558238670479e-01
-9.019019019019018923e-01 2.518415263826586648e-01
-8.998998998998999355e-01 2.578861939980299778e-01
-8.978978978978978676e-01 2.639914690359857485e-01
-8.958958958958959107e-01 2.700060174675367186e-01
-8.938938938938938428e-01 2.760956385981039318e-01
-8.918918918918918859e-01 2.820805432939670898e-01
-8.898898898898899290e-01 2.881522372922094566e-01
-8.878878878878878611e-01 2.941079624209133048e-01
-8.858858858858859042e-01 3.001594610053924805e-01
-8.838838838838838363e-01 3.060864444600596701e-01
-8.818818818818818794e-01 3.121155024117965304e-01
-8.798798798798799226e-01 3.180141421203144803e-01
-8.778778778778778547e-01 3.240185537031696761e-01
-8.758758758758758978e-01 3.298891953094167939e-01
-8.738738738738738299e-01 3.358668089727484540e-01
-8.718718718718718730e-01 3.417097349339074941e-01
-8.698698698698699161e-01 3.476584662939352643e-01
-8.678678678678678482e-01 3.534738864202376929e-01
-8.658658658658658913e-01 3.593917295312579752e-01
-8.638638638638638234e-01 3.651797729770694390e-01
-8.618618618618618665e-01 3.710648099172842995e-01
-8.598598598598599096e-01 3.768255186163995685e-01
-8.578578578578578417e-01 3.826759274257041099e-01
-8.558558558558558849e-01 3.884092509491106626e-01
-8.538538538538538170e-01 3.942233119676408770e-01
-8.518518518518518601e-01 3.999291037687039974e-01
-8.498498498498499032e-01 4.057052044352849607e-01
-8.478478478478478353e-01 4.113832194354697380e-01
-8.458458458458458784e-01 4.171198576142484682e-01
-8.438438438438438105e-01 4.227697510719575225e-01
-8.418418418418418536e-01 4.284655369835632666e-01
-8.398398398398398967e-01 4.340868645795259440e-01
-8.378378378378378288e-01 4.397405214199149870e-01
-8.358358358358358720e-01 4.453327404847500226e-01
-8.338338338338338041e-01 4.509431038206938580e-01
-8.318318318318318472e-01 4.565055756236890971e-01
-8.298298298298298903e-01 4.620715916584205440e-01
-8.278278278278278224e-01 4.676035846713140209e-01
-8.258258258258258655e-01 4.731243074774546531e-01
-8.238238238238237976e-01 4.786250015228519228e-01
-8.218218218218218407e-01 4.840995893422059271e-01
-8.198198198198198838e-01 4.895680805333166852e-01
-8.178178178178178159e-01 4.949957912447183750e-01
-8.158158158158157480e-01 5.004310976211974182e-01
-8.138138138138137911e-01 5.058112834780588152e-01
-8.118118118118118343e-01 5.112123512418667026e-01
-8.098098098098098774e-01 5.165444529808937979e-01
-8.078078078078078095e-01 5.219101632361562437e-01
-8.058058058058057416e-01 5.271937036574899649e-01
-8.038038038038037847e-01 5.325228795593091036e-01
-8.018018018018018278e-01 5.377574566764554698e-01
-7.997997997997998709e-01 5.430488708953589150e-01
-7.977977977977978030e-01 5.482341507507104694e-01
-7.957957957957957351e-01 5.534865331619658324e-01
-7.937937937937937782e-01 5.586222424004161358e-01
-7.917917917917918214e-01 5.638342879105955330e-01
-7.897897897897897534e-01 5.689202061999698579e-01
-7.877877877877877966e-01 5.740905826269362411e-01
-7.857857857857857287e-01 5.791265350096348463e-01
-7.837837837837837718e-01 5.842538909363740318e-01
-7.817817817817818149e-01 5.892397401918672006e-01
-7.797797797797797470e-01 5.943227127193697612e-01
-7.777777777777777901e-01 5.992583518120352393e-01
-7.757757757757757222e-01 6.042955741415586557e-01
-7.737737737737737653e-01 6.091809188229196925e-01
-7.717717717717718084e-01 6.141710276033865989e-01
-7.697697697697697405e-01 6.190060092321233443e-01
-7.677677677677677837e-01 6.239476516140878282e-01
-7.657657657657657158e-01 6.287322102513238642e-01
-7.637637637637637589e-01 6.336240505948405044e-01
-7.617617617617618020e-01 6.383581284261924393e-01
-7.597597597597597341e-01 6.431988546159063125e-01
-7.577577577577577772e-01 6.478823897457216541e-01
-7.557557557557557093e-01 6.526707190725291596e-01
-7.537537537537537524e-01 6.573036397296668776e-01
-7.517517517517517955e-01 6.620383243044124510e-01
-7.497497497497497276e-01 6.666205434928277329e-01
-7.477477477477477708e-01 6.713003751635241434e-01
-7.457457457457457028e-01 6.758317857849890364e-01
-7.437437437437437460e-01 6.804556005349507997e-01
-7.417417417417417891e-01 6.849360710053635781e-01
-7.397397397397397212e-01 6.895027528155155405e-01
-7.377377377377377643e-01 6.939321231905822840e-01
-7.357357357357356964e-01 6.984406073547989591e-01
-7.337337337337337395e-01 7.028186859753751126e-01
-7.317317317317317826e-01 7.072679618631511067e-01
-7.297297297297297147e-01 7.115945225252824358e-01
-7.277277277277277578e-01 7.159836357912272575e-01
-7.257257257257256899e-01 7.202584154409240602e-01
-7.237237237237237331e-01 7.245864696855007780e-01
-7.217217217217217762e-01 7.288091666336027341e-01
-7.197197197197197083e-01 7.330753245241141691e-01
-7.177177177177176404e-01 7.372455971721706414e-01
-7.157157157157156835e-01 7.414490810373739471e-01
-7.137137137137137266e-01 7.455665471014145673e-01
-7.117117117117117697e-01 7.497066390170487038e-01
-7.097097097097097018e-01 7.537708752323936112e-01
-7.077077077077076339e-01 7.578469166185786143e-01
-7.057057057057056770e-01 7.618574589054160073e-01
-7.037037037037037202e-01 7.658688496601125939e-01
-7.017017017017017633e-01 7.698251937266272771e-01
-6.996996996996996954e-01 7.737713909223100650e-01
-6.976976976976976275e-01 7.776729932793876587e-01
-6.956956956956956706e-01 7.815535094525472015e-01
-6.936936936936937137e-01 7.853997888118678938e-01
-6.916916916916917568e-01 7.892141898771930508e-01
-6.896896896896896889e-01 7.930045289025527966e-01
-6.876876876876876210e-01 7.967524317253827926e-01
-6.856856856856856641e-01 8.004861791054997955e-01
-6.836836836836837072e-01 8.041672487676303493e-01
-6.816816816816817504e-01 8.078437215775210456e-01
-6.796796796796796825e-01 8.114576683724844530e-01
-6.776776776776776146e-01 8.150761546895524123e-01
-6.756756756756756577e-01 8.186227308842476402e-01
-6.736736736736737008e-01 8.221824926247128795e-01
-6.716716716716717439e-01 8.256614890246745109e-01
-6.696696696696696760e-01 8.291617649657264666e-01
-6.676676676676676081e-01 8.325730073213837290e-01
-6.656656656656656512e-01 8.360130162745288418e-01
-6.636636636636636943e-01 8.393563615655973420e-01
-6.616616616616617375e-01 8.427353056670164877e-01
-6.596596596596596696e-01 8.460106383016556819e-01
-6.576576576576576016e-01 8.493277063859834275e-01
-6.556556556556556448e-01 8.525349343505604915e-01
-6.536536536536536879e-01 8.557893053754467294e-01
-6.516516516516517310e-01 8.589283563697300838e-01
-6.496496496496496631e-01 8.621192028595825452e-01
-6.476476476476475952e-01 8.651900204509176406e-01
-6.456456456456456383e-01 8.683165119295649381e-01
-6.436436436436436814e-01 8.713190517581050898e-01
-6.416416416416417245e-01 8.743803581416311754e-01
-6.396396396396396566e-01 8.773145842070628753e-01
-6.376376376376375887e-01 8.803098791297101489e-01
-6.356356356356356319e-01 8.831757601880515507e-01
-6.336336336336336750e-01 8.861042242359397081e-01
-6.316316316316316071e-01 8.889017303330219999e-01
-6.296296296296296502e-01 8.917625541623310781e-01
-6.276276276276275823e-01 8.944916533285167670e-01
-6.256256256256256254e-01 8.972840406468436392e-01
-6.236236236236236685e-01 8.999446957752592624e-01
-6.216216216216216006e-01 9.026678661669844672e-01
-6.196196196196196437e-01 9.052600320953436697e-01
-6.176176176176175758e-01 9.079132236740043993e-01
-6.156156156156156189e-01 9.104368444876926869e-01
-6.136136136136136621e-01 9.130193163606132867e-01
-6.116116116116115942e-01 9.154743229323645259e-01
-6.096096096096096373e-01 9.179853574649976533e-01
-6.076076076076075694e-01 9.203716652440614432e-01
-6.056056056056056125e-01 9.228105701137786498e-01
-6.036036036036036556e-01 9.251280771751072551e-01
-6.016016016016015877e-01 9.274941872063771076e-01
-5.995995995995996308e-01 9.297427725679326960e-01
-5.975975975975975629e-01 9.320354513430221255e-01
-5.955955955955956060e-01 9.342149735569872382e-01
-5.935935935935936492e-01 9.364336147984860803e-01
-5.915915915915915813e-01 9.385439108198401215e-01
-5.895895895895895134e-01 9.406879395433822566e-01
-5.875875875875875565e-01 9.427288238770525908e-01
-5.855855855855855996e-01 9.447976973145914004e-01
-5.835835835835836427e-01 9.467689614402519105e-01
-5.815815815815815748e-01 9.487621697362127460e-01
-5.795795795795795069e-01 9.506635818076867306e-01
-5.775775775775775500e-01 9.525806484920816830e-01
-5.755755755755755931e-01 9.544119533064019389e-01
-5.735735735735736363e-01 9.562524355507325824e-01
-5.715715715715715683e-01 9.580133547799682958e-01
-5.695695695695695004e-01 9.597768434433285867e-01
-5.675675675675675436e-01 9.614670761205952321e-01
-5.655655655655655867e-01 9.631531955948298140e-01
-5.635635635635636298e-01 9.647724188442960980e-01
-5.615615615615615619e-01 9.663808267084128545e-01
-5.595595595595594940e-01 9.679286967075965142e-01
-5.575575575575575371e-01 9.694590832028028293e-01
-5.555555555555555802e-01 9.709352363641386985e-01
-5.535535535535536233e-01 9.723873237019509119e-01
-5.515515515515515554e-01 9.737913780594312785e-01
-5.495495495495494875e-01 9.751649195761963318e-01
-5.475475475475475307e-01 9.764964763617570709e-01
-5.455455455455455738e-01 9.777912555336915057e-01
-5.435435435435436169e-01 9.790499009272295439e-01
-5.415415415415415490e-01 9.802657302607009626e-01
-5.395395395395394811e-01 9.814510372967405472e-01
-5.375375375375375242e-01 9.825877571089951523e-01
-5.355355355355355673e-01 9.836992877224898235e-01
-5.335335335335336104e-01 9.847567648283678254e-01
-5.315315315315315425e-01 9.857940720216081809e-01
-5.295295295295294746e-01 9.867721983419820431e-01
-5.275275275275275177e-01 9.877348284542989409e-01
-5.255255255255255609e-01 9.886335195620241656e-01
-5.235235235235236040e-01 9.895210146237782833e-01
-5.215215215215215361e-01 9.903402082428927056e-01
-5.195195195195194682e-01 9.911521083951936317e-01
-5.175175175175175113e-01 9.918917628689140065e-01
-5.155155155155155544e-01 9.926276088306071888e-01
-5.135135135135135975e-01 9.932877015733376780e-01
-5.115115115115115296e-01 9.939470371370087154e-01
-5.095095095095094617e-01 9.945275630851784232e-01
-5.075075075075075048e-01 9.951099376242430461e-01
-5.055055055055055480e-01 9.956109077002598395e-01
-5.035035035035034801e-01 9.961158786696704404e-01
-5.015015015015015232e-01 9.965373182726574575e-01
-4.994994994994994553e-01 9.969644536862892759e-01
-4.974974974974974984e-01 9.973064012225448804e-01
-4.954954954954955415e-01 9.976552820909738717e-01
-4.934934934934934736e-01 9.979177875563418620e-01
-4.914914914914915167e-01 9.981880102694613566e-01
-4.894894894894894488e-01 9.983711338949183833e-01
-4.874874874874874919e-01 9.985623125346484441e-01
-4.854854854854855351e-01 9.986661235055018793e-01
-4.834834834834834671e-01 9.987778920747439892e-01
-4.814814814814815103e-01 9.988024673328406156e-01
-4.794794794794794424e-01 9.988344818877809006e-01
-4.774774774774774855e-01 9.987799050251552346e-01
-4.754754754754755286e-01 9.987318456990179616e-01
-4.734734734734734607e-01 9.985982059503091257e-01
-4.714714714714715038e-01 9.984697788577288069e-01
-4.694694694694694359e-01 9.982571701976484801e-01
-4.674674674674674790e-01 9.980481092098986151e-01
-4.654654654654655221e-01 9.977566295609480163e-01
-4.634634634634634542e-01 9.974666979433932656e-01
-4.614614614614614974e-01 9.970964484979132347e-01
-4.594594594594594295e-01 9.967254404021919090e-01
-4.574574574574574726e-01 9.962765250617283685e-01
-4.554554554554555157e-01 9.958242668663476183e-01
-4.534534534534534478e-01 9.952967918002325609e-01
-4.514514514514514909e-01 9.947631432943662144e-01
-4.494494494494494230e-01 9.941572166183454407e-01
-4.474474474474474661e-01 9.935420720248367976e-01
-4.454454454454453982e-01 9.928578035995228035e-01
-4.434434434434434413e-01 9.921610924341780491e-01
-4.414414414414414845e-01 9.913985937820979366e-01
-4.394394394394394165e-01 9.906202815475450008e-01
-4.374374374374374597e-01 9.897796658865699593e-01
-4.354354354354353918e-01 9.889197545999910410e-01
-4.334334334334334349e-01 9.880011369899978080e-01
-4.314314314314314780e-01 9.870596655451729928e-01
-4.294294294294294101e-01 9.860631631439037426e-01
-4.274274274274274532e-01 9.850402075090053389e-01
-4.254254254254253853e-01 9.839659399322774336e-01
-4.234234234234234284e-01 9.828616131858628480e-01
-4.214214214214214715e-01 9.817097029664838548e-01
-4.194194194194194036e-01 9.805241551750554230e-01
-4.174174174174174468e-01 9.792947283141096859e-01
-4.154154154154153789e-01 9.780281462555534544e-01
-4.134134134134134220e-01 9.767213328590960142e-01
-4.114114114114114651e-01 9.753739395970917325e-01
-4.094094094094093972e-01 9.739898745906925281e-01
-4.074074074074074403e-01 9.725619289060072337e-01
-4.054054054054053724e-01 9.711007528191005767e-01
-4.034034034034034155e-01 9.695925485044211145e-01
-4.014014014014014586e-01 9.680544083159892121e-01
-3.993993993993993907e-01 9.664662733415304574e-01
-3.973973973973974338e-01 9.648513233783093668e-01
-3.953953953953953659e-01 9.631836189361030476e-01
-3.933933933933934091e-01 9.614920218141992381e-01
-3.913913913913913412e-01 9.597451412494603096e-01
-3.893893893893893843e-01 9.579770688501006992e-01
-3.873873873873874274e-01 9.561514364885173034e-01
-3.853853853853853595e-01 9.543070709585113054e-01
-3.833833833833834026e-01 9.524031408387121367e-01
-3.813813813813813347e-01 9.504826756061488524e-01
-3.793793793793793778e-01 9.485009301269226034e-01
-3.773773773773774209e-01 9.465045709226492798e-01
-3.753753753753753530e-01 9.444455194147294286e-01
-3.733733733733733962e-01 9.423734852902689862e-01
-3.713713713713713283e-01 9.402376625226843698e-01
-3.693693693693693714e-01 9.380901868554034628e-01
-3.673673673673674145e-01 9.358781514865203155e-01
-3.653653653653653466e-01 9.336554829630704377e-01
-3.633633633633633897e-01 9.313678159464969797e-01
-3.613613613613613218e-01 9.290702195158663246e-01
-3.593593593593593649e-01 9.267075224714131920e-01
-3.573573573573574080e-01 9.243352802592278428e-01
-3.553553553553553401e-01 9.218981738190024089e-01
-3.533533533533533832e-01 9.194515859951888359e-01
-3.513513513513513153e-01 9.169407081348019961e-01
-3.493493493493493585e-01 9.144200937271351748e-01
-3.473473473473474016e-01 9.118360980918158720e-01
-3.453453453453453337e-01 9.092417957383591709e-01
-3.433433433433433768e-01 9.065853499735437859e-01
-3.413413413413413089e-01 9.039177186075956216e-01
-3.393393393393393520e-01 9.011895027032421623e-01
-3.373373373373373951e-01 8.984489221649183399e-01
-3.353353353353353272e-01 8.956496268225120350e-01
-3.333333333333333703e-01 8.928364983917621567e-01
-3.313313313313313024e-01 8.899668234225659447e-01
-3.293293293293293456e-01 8.870815702690318938e-01
-3.273273273273273887e-01 8.841422230317554920e-01
-3.253253253253253208e-01 8.811852905775693356e-01
-3.233233233233233639e-01 8.781769844631488464e-01
-3.213213213213212960e-01 8.751488406554418509e-01
-3.193193193193193391e-01 8.720722936262030878e-01
-3.173173173173172712e-01 8.689734291167906521e-01
-3.153153153153153143e-01 8.658293623066790623e-01
-3.133133133133133574e-01 8.626602905371106855e-01
-3.113113113113112895e-01 8.594494269192313185e-01
-3.093093093093093326e-01 8.562106841100880494e-01
-3.073073073073072647e-01 8.529337472371860684e-01
-3.053053053053053079e-01 8.496258922812199854e-01
-3.033033033033033510e-01 8.462836051042081920e-01
-3.013013013013012831e-01 8.429072193636171217e-01
-2.992992992992993262e-01 8.395003031326466747e-01
-2.972972972972972583e-01 8.360559901414982287e-01
-2.952952952952953014e-01 8.325851633935079654e-01
-2.932932932932933445e-01 8.290735484669361499e-01
-2.912912912912912766e-01 8.255395261030190612e-01
-2.892892892892893197e-01 8.219612558555532411e-01
-2.872872872872872518e-01 8.183647483108789089e-01
-2.852852852852852950e-01 8.147204900868282307e-01
-2.832832832832833381e-01 8.110622025952741732e-01
-2.812812812812812702e-01 8.073526438147327067e-01
-2.792792792792793133e-01 8.036332757698103624e-01
-2.772772772772772454e-01 7.998591231943946722e-01
-2.752752752752752885e-01 7.960793676074550129e-01
-2.732732732732733316e-01 7.922413465304493085e-01
-2.712712712712712637e-01 7.884018895865967380e-01
-2.692692692692693068e-01 7.845007429526549281e-01
-2.672672672672672389e-01 7.806022636642562240e-01
-2.652652652652652820e-01 7.766387511242909270e-01
-2.632632632632632141e-01 7.726819210814134253e-01
-2.612612612612612573e-01 7.686568179887067753e-01
-2.592592592592593004e-01 7.646423012053169543e-01
-2.572572572572572325e-01 7.605563975592599668e-01
-2.552552552552552756e-01 7.564848504135350815e-01
-2.532532532532532077e-01 7.523389497576996598e-01
-2.512512512512512508e-01 7.482110210242824966e-01
-2.492492492492492939e-01 7.440059393058867654e-01
-2.472472472472472260e-01 7.398222702775199000e-01
-2.452452452452452691e-01 7.355588346754867723e-01
-2.432432432432432012e-01 7.313200593710210695e-01
-2.412412412412412444e-01 7.269991071000244665e-01
-2.392392392392392875e-01 7.227058525554003188e-01
-2.372372372372372196e-01 7.183282296534696520e-01
-2.352352352352352627e-01 7.139811162919041942e-01
-2.332332332332331948e-01 7.095476763991790392e-01
-2.312312312312312379e-01 7.051473184764784907e-01
-2.292292292292292810e-01 7.006589216127369069e-01
-2.272272272272272131e-01 6.962059277333256802e-01
-2.252252252252252562e-01 6.916634390819148548e-01
-2.232232232232231883e-01 6.871584127809070575e-01
-2.212212212212212314e-01 6.825627014865790487e-01
-2.192192192192192746e-01 6.780062418729991824e-01
-2.172172172172172067e-01 6.733581798610589475e-01
-2.152152152152152498e-01 6.687508823170642547e-01
-2.132132132132131819e-01 6.640513431410851597e-01
-2.112112112112112250e-01 6.593938000719228310e-01
-2.092092092092092681e-01 6.546436577970046189e-01
-2.072072072072072002e-01 6.499364594262461159e-01
-2.052052052052052433e-01 6.451365875545895801e-01
-2.032032032032031754e-01 6.403803227590912917e-01
-2.012012012012012185e-01 6.355315932043302807e-01
-1.991991991991992617e-01 6.307268503832621498e-01
-1.971971971971971938e-01 6.258301324996478066e-01
-1.951951951951952369e-01 6.209775004719256808e-01
-1.931931931931931690e-01 6.160336601440918880e-01
-1.911911911911912121e-01 6.111337290684811796e-01
-1.891891891891891442e-01 6.061436278670975231e-01
-1.871871871871871873e-01 6.011969901792748594e-01
-1.851851851851852304e-01 5.961614845874283475e-01
-1.831831831831831625e-01 5.911687359483209780e-01
-1.811811811811812056e-01 5.860886766630551969e-01
-1.791791791791791377e-01 5.810504169128484220e-01
-1.771771771771771808e-01 5.759266482257108244e-01
-1.751751751751752240e-01 5.708434823379728851e-01
-1.731731731731731561e-01 5.656768415979487319e-01
-1.711711711711711992e-01 5.605493806284570502e-01
-1.691691691691691313e-01 5.553406977901295116e-01
-1.671671671671671744e-01 5.501695598150996291e-01
-1.651651651651652175e-01 5.449196570742916856e-01
-1.631631631631631496e-01 5.397054681128500286e-01
-1.611611611611611927e-01 5.344151596314712371e-01
-1.591591591591591248e-01 5.291585545474244423e-01
-1.571571571571571679e-01 5.238286462686495559e-01
-1.551551551551552111e-01 5.185302696467585237e-01
-1.531531531531531432e-01 5.131615592011037341e-01
-1.511511511511511863e-01 5.078220661932880686e-01
-1.491491491491491184e-01 5.024153428955561163e-01
-1.471471471471471615e-01 4.970354000326930866e-01
-1.451451451451452046e-01 4.915914449691925481e-01
-1.431431431431431367e-01 4.861717309344020799e-01
-1.411411411411411798e-01 4.806913171392673267e-01
-1.391391391391391119e-01 4.752325234988198366e-01
-1.371371371371371550e-01 4.697164162177368540e-01
-1.351351351351350871e-01 4.642192481059851383e-01
-1.331331331331331302e-01 4.586682051450164388e-01
-1.311311311311311734e-01 4.531333819000467056e-01
-1.291291291291291055e-01 4.475481540567682326e-01
-1.271271271271271486e-01 4.419764098037222699e-01
-1.251251251251250807e-01 4.363577413773535030e-01
-1.231231231231231238e-01 4.307498255566634127e-01
-1.211211211211211669e-01 4.250984549333922669e-01
-1.191191191191190990e-01 4.194551327714718392e-01
-1.171171171171171421e-01 4.137717930806988353e-01
-1.151151151151150742e-01 4.080938460009213564e-01
-1.131131131131131173e-01 4.023792658377336462e-01
-1.111111111111111605e-01 3.966674918098278546e-01
-1.091091091091090926e-01 3.909223960185820301e-01
-1.071071071071071357e-01 3.851776098448936869e-01
-1.051051051051050678e-01 3.794027203584130481e-01
-1.031031031031031109e-01 3.736257538957620250e-01
-1.011011011011011540e-01 3.678217906243478885e-01
-9.909909909909908610e-02 3.620134929405074975e-01
-9.709709709709712921e-02 3.561811747046159660e-01
-9.509509509509506131e-02 3.503424121687750414e-01
-9.309309309309310443e-02 3.444824576689808904e-01
-9.109109109109114755e-02 3.386141139757885554e-01
-8.908908908908907964e-02 3.327272427934030996e-01
-8.708708708708712276e-02 3.268302189205440356e-01
-8.508508508508505486e-02 3.209171525420983495e-01
-8.308308308308309797e-02 3.149923666415892498e-01
-8.108108108108114109e-02 3.090538295002037694e-01
-7.907907907907907319e-02 3.031022167239124654e-01
-7.707707707707711631e-02 2.971389372505377491e-01
-7.507507507507504840e-02 2.911614495106845113e-01
-7.307307307307309152e-02 2.851741611880625471e-01
-7.107107107107113464e-02 2.791717668537302965e-01
-6.906906906906906674e-02 2.731612092659709834e-01
-6.706706706706710985e-02 2.671348927969234843e-01
-6.506506506506504195e-02 2.611018126675930251e-01
-6.306306306306308507e-02 2.550525741869162366e-01
-6.106106106106101716e-02 2.489977263985840017e-01
-5.905905905905906028e-02 2.429265812059515084e-01
-5.705705705705710340e-02 2.368507297942815670e-01
-5.505505505505503550e-02 2.307587078218493737e-01
-5.305305305305307861e-02 2.246626269374611684e-01
-5.105105105105101071e-02 2.185507721506018408e-01
-4.904904904904905383e-02 2.124352469821096934e-01
-4.704704704704709695e-02 2.063046167274494302e-01
-4.504504504504502904e-02 2.001704443793221044e-01
-4.304304304304307216e-02 1.940221086827017549e-01
-4.104104104104100426e-02 1.878700990018664363e-01
-3.903903903903904737e-02 1.817051398190536460e-01
-3.703703703703709049e-02 1.755361161644603540e-01
-3.503503503503502259e-02 1.693556265876051403e-01
-3.303303303303306571e-02 1.631704265372810603e-01
-3.103103103103099780e-02 1.569755099602810899e-01
-2.902902902902904092e-02 1.507749859508290824e-01
-2.702702702702708404e-02 1.445667551969073705e-01
-2.502502502502501613e-02 1.383517750907473920e-01
-2.302302302302305925e-02 1.321313515056929400e-01
-2.102102102102099135e-02 1.259027990818083476e-01
-1.901901901901903447e-02 1.196713115964354313e-01
-1.701701701701707758e-02 1.134300869608122764e-01
-1.501501501501500968e-02 1.071886711263375369e-01
-1.301301301301305280e-02 1.009356910387723960e-01
-1.101101101101098489e-02 9.468548803886700505e-02
-9.009009009009028013e-03 8.842168615332217374e-02
-7.007007007006960109e-03 8.216384179671600008e-02
-5.005005005005003227e-03 7.589016881288077054e-02
-3.003003003003046345e-03 6.962583251043334698e-02
-1.001001001000978441e-03 6.334325623469327926e-02
1.001001001001089463e-03 5.707357996492818525e-02
3.003003003003046345e-03 5.078308527950118473e-02
5.005005005005003227e-03 4.450922254662074279e-02
7.007007007006960109e-03 3.821181128610060679e-02
9.009009009008916991e-03 3.193491607456068471e-02
1.101101101101109592e-02 2.563160680971120209e-02
1.301301301301305280e-02 1.935283253940295323e-02
1.501501501501500968e-02 1.304466026857331769e-02
1.701701701701696656e-02 6.765158754698503626e-03
1.901901901901892344e-02 4.531745037613641477e-04
2.102102102102110237e-02 -5.825905074554601354e-03
2.302302302302305925e-02 -1.214063474226513041e-02
2.502502502502501613e-02 -1.841814686056654493e-02
2.702702702702697302e-02 -2.473454042234753472e-02
2.902902902902892990e-02 -3.100934421269528271e-02
3.103103103103110882e-02 -3.732630585009191759e-02
3.303303303303306571e-02 -4.359726608218426197e-02
3.503503503503502259e-02 -4.991368642709353987e-02
3.703703703703697947e-02 -5.617967446484539717e-02
3.903903903903893635e-02 -6.249443142461578310e-02
4.104104104104111528e-02 -6.875432615439676376e-02
4.304304304304307216e-02 -7.506628581194851879e-02
4.504504504504502904e-02 -8.131897453879254056e-02
4.704704704704698592e-02 -8.762699212333679988e-02
4.904904904904894281e-02 -9.387137143156414065e-02
5.105105105105112173e-02 -1.001742923550699715e-01
5.305305305305307861e-02 -1.064092689298831718e-01
5.505505505505503550e-02 -1.127059298840820123e-01
5.705705705705699238e-02 -1.189304212908071506e-01
5.905905905905894926e-02 -1.252196513991172266e-01
6.106106106106112819e-02 -1.314325868169797795e-01
6.306306306306308507e-02 -1.377132088354163231e-01
6.506506506506504195e-02 -1.439135297428329185e-01
6.706706706706699883e-02 -1.501843613036975278e-01
6.906906906906895571e-02 -1.563710221122877608e-01
7.107107107107113464e-02 -1.626308770041581531e-01
7.307307307307309152e-02 -1.688028456388678822e-01
7.507507507507504840e-02 -1.750505351161631973e-01
7.707707707707700528e-02 -1.812067935390762330e-01
7.907907907907896217e-02 -1.874411276543347660e-01
8.108108108108114109e-02 -1.935806723299780263e-01
8.308308308308309797e-02 -1.998004612818171655e-01
8.508508508508505486e-02 -2.059223035819970071e-01
8.708708708708701174e-02 -2.121263590716208625e-01
8.908908908908896862e-02 -2.182295256180537546e-01
9.109109109109114755e-02 -2.244166622071177841e-01
9.309309309309310443e-02 -2.305001951503877489e-01
9.509509509509506131e-02 -2.366692316130362406e-01
9.709709709709701819e-02 -2.427321888466401623e-01
9.909909909909919712e-02 -2.488819495085344558e-01
1.011011011011011540e-01 -2.549234048170606060e-01
1.031031031031031109e-01 -2.610527208742999261e-01
1.051051051051050678e-01 -2.670717640150648275e-01
1.071071071071070246e-01 -2.731794748260168992e-01
1.091091091091092036e-01 -2.791752115437673987e-01
1.111111111111111605e-01 -2.852601658869540757e-01
1.131131131131131173e-01 -2.912317178615294044e-01
1.151151151151150742e-01 -2.972927751529541029e-01
1.171171171171170311e-01 -3.032392798801032963e-01
1.191191191191192100e-01 -3.092753113436120804e-01
1.211211211211211669e-01 -3.151959219494508413e-01
1.231231231231231238e-01 -3.212058117340035324e-01
1.251251251251250807e-01 -3.270996967239122033e-01
1.271271271271270376e-01 -3.330823429619527154e-01
1.291291291291292165e-01 -3.389486859050573342e-01
1.311311311311311734e-01 -3.449030017065273790e-01
1.331331331331331302e-01 -3.507410008571351656e-01
1.351351351351350871e-01 -3.566659152340555528e-01
1.371371371371370440e-01 -3.624747830918189639e-01
1.391391391391392229e-01 -3.683692418087795017e-01
1.411411411411411798e-01 -3.741482046196083489e-01
1.431431431431431367e-01 -3.800111709659639292e-01
1.451451451451450936e-01 -3.857594681660435065e-01
1.471471471471470505e-01 -3.915899236460598787e-01
1.491491491491492294e-01 -3.973068072516394156e-01
1.511511511511511863e-01 -4.031037521893670039e-01
1.531531531531531432e-01 -4.087884861352623078e-01
1.551551551551551000e-01 -4.145509401914027059e-01
1.571571571571570569e-01 -4.202027996214773853e-01
1.591591591591592358e-01 -4.259298022200721512e-01
1.611611611611611927e-01 -4.315480727332323685e-01
1.631631631631631496e-01 -4.372386833965292707e-01
1.651651651651651065e-01 -4.428226602520387578e-01
1.671671671671670634e-01 -4.484759588425099031e-01
1.691691691691692423e-01 -4.540249461287051425e-01
1.711711711711711992e-01 -4.596400329976886301e-01
1.731731731731731561e-01 -4.651533427684302335e-01
1.751751751751751129e-01 -4.707293388115244004e-01
1.771771771771770698e-01 -4.762062901949698501e-01
1.791791791791792487e-01 -4.817423368148331941e-01
1.811811811811812056e-01 -4.871822550993043510e-01
1.831831831831831625e-01 -4.926775140771291195e-01
1.851851851851851194e-01 -4.980797297791013656e-01
1.871871871871870763e-01 -5.035333830566113278e-01
1.891891891891892552e-01 -5.088972309759834944e-01
1.911911911911912121e-01 -5.143084803503451541e-01
1.931931931931931690e-01 -5.196332986183695990e-01
1.951951951951951258e-01 -5.250013653529838065e-01
1.971971971971970827e-01 -5.302864944783461931e-01
1.991991991991992617e-01 -5.356106188330149731e-01
2.012012012012012185e-01 -5.408554007516896966e-01
2.032032032032031754e-01 -5.461348414361769654e-01
2.052052052052051323e-01 -5.513386185707885856e-01
2.072072072072070892e-01 -5.565726521262986948e-01
2.092092092092092681e-01 -5.617347664607611479e-01
2.112112112112112250e-01 -5.669226865743295374e-01
2.132132132132131819e-01 -5.720424787495953511e-01
2.152152152152151388e-01 -5.771835955068198576e-01
2.172172172172173177e-01 -5.822604039436087842e-01
2.192192192192192746e-01 -5.873540430255598244e-01
2.212212212212212314e-01 -5.923872030798830179e-01
2.232232232232231883e-01 -5.974327049104194431e-01
2.252252252252251452e-01 -6.024215480677015400e-01
2.272272272272273241e-01 -6.074182669177565774e-01
2.292292292292292810e-01 -6.123621200312524548e-01
2.312312312312312379e-01 -6.173094230869242693e-01
2.332332332332331948e-01 -6.222076076660491006e-01
2.352352352352351517e-01 -6.271048740676249400e-01
2.372372372372373306e-01 -6.319567056216578438e-01
2.392392392392392875e-01 -6.368033254808836974e-01
2.412412412412412444e-01 -6.416081129233344171e-01
2.432432432432432012e-01 -6.464034863264229713e-01
2.452452452452451581e-01 -6.511605314451491822e-01
2.472472472472473370e-01 -6.559040674491004586e-01
2.492492492492492939e-01 -6.606126644470362574e-01
2.512512512512512508e-01 -6.653037800769595611e-01
2.532532532532532077e-01 -6.699632151879971742e-01
2.552552552552551646e-01 -6.746013344431172065e-01
2.572572572572573435e-01 -6.792108856274420292e-01
2.592592592592593004e-01 -6.837954385034130667e-01
2.612612612612612573e-01 -6.883543752262223370e-01
2.632632632632632141e-01 -6.928847967613172010e-01
2.652652652652651710e-01 -6.973923798584894529e-01
2.672672672672673500e-01 -7.018681092110963249e-01
2.692692692692693068e-01 -7.063235908449767564e-01
2.712712712712712637e-01 -7.107440704096067430e-01
2.732732732732732206e-01 -7.151466941176600756e-01
2.752752752752751775e-01 -7.195113686864781366e-01
2.772772772772773564e-01 -7.238603695251004666e-01
2.792792792792793133e-01 -7.281686855016653581e-01
2.812812812812812702e-01 -7.324632902869643303e-01
2.832832832832832270e-01 -7.367146949585356985e-01
2.852852852852851839e-01 -7.409541226053972807e-01
2.872872872872873629e-01 -7.451480634797962299e-01
2.892892892892893197e-01 -7.493315254399924852e-01
2.912912912912912766e-01 -7.534674496525414211e-01
2.932932932932932335e-01 -7.575941504521631620e-01
2.952952952952951904e-01 -7.616715042477804065e-01
2.972972972972973693e-01 -7.657406421236335747e-01
2.992992992992993262e-01 -7.697588704186139053e-01
3.013013013013012831e-01 -7.737696380526959405e-01
3.033033033033032400e-01 -7.777281840802059421e-01
3.053053053053051968e-01 -7.816797694307597855e-01
3.073073073073073758e-01 -7.855780744734409682e-01
3.093093093093093326e-01 -7.894696617005136918e-01
3.113113113113112895e-01 -7.933071649129885827e-01
3.133133133133132464e-01 -7.971379353957760427e-01
3.153153153153152033e-01 -8.009140737192151915e-01
3.173173173173173822e-01 -8.046832071619089977e-01
3.193193193193193391e-01 -8.083974153321217271e-01
3.213213213213212960e-01 -8.121040909543618680e-01
3.233233233233232529e-01 -8.157558016042224525e-01
3.253253253253252097e-01 -8.193991994116198718e-01
3.273273273273273887e-01 -8.229878432678984224e-01
3.293293293293293456e-01 -8.265671453975694805e-01
3.313313313313313024e-01 -8.300921515715469212e-01
3.333333333333332593e-01 -8.336065437069578588e-01
3.353353353353352162e-01 -8.370673400774878425e-01
3.373373373373373951e-01 -8.405160129263685720e-01
3.393393393393393520e-01 -8.439120266133136594e-01
3.413413413413413089e-01 -8.472941774418679683e-01
3.433433433433432658e-01 -8.506248353671270745e-01
3.453453453453452227e-01 -8.539396695832315309e-01
3.473473473473474016e-01 -8.572043991158795340e-01
3.493493493493493585e-01 -8.604511318934690012e-01
3.513513513513513153e-01 -8.636493615748224162e-01
3.533533533533532722e-01 -8.668272195112294298e-01
3.553553553553554512e-01 -8.699583798549883618e-01
3.573573573573574080e-01 -8.730666026525218948e-01
3.593593593593593649e-01 -8.761301270144946640e-01
3.613613613613613218e-01 -8.791679691772145144e-01
3.633633633633632787e-01 -8.821632946885036297e-01
3.653653653653654576e-01 -8.851300272247880629e-01
3.673673673673674145e-01 -8.880565957817209144e-01
3.693693693693693714e-01 -8.909515079029548534e-01
3.713713713713713283e-01 -8.938087672065111455e-01
3.733733733733732851e-01 -8.966311680119127825e-01
3.753753753753754641e-01 -8.994185726489272170e-01
3.773773773773774209e-01 -9.021677927863883673e-01
3.793793793793793778e-01 -9.048848053443071526e-01
3.813813813813813347e-01 -9.075601986370094298e-01
3.833833833833832916e-01 -9.102062908436048261e-01
3.853853853853854705e-01 -9.128072358720494828e-01
3.873873873873874274e-01 -9.153818897511496466e-01
3.893893893893893843e-01 -9.179077913802592414e-01
3.913913913913913412e-01 -9.204105004142802970e-01
3.933933933933932980e-01 -9.228607912552772019e-01
3.953953953953954770e-01 -9.252910615451132026e-01
3.973973973973974338e-01 -9.276652033419913179e-01
3.993993993993993907e-01 -9.300225547546806526e-01
4.014014014014013476e-01 -9.323200396852631133e-01
4.034034034034033045e-01 -9.346040069797543204e-01
4.054054054054054834e-01 -9.368243588616245177e-01
4.074074074074074403e-01 -9.390344927829681332e-01
4.094094094094093972e-01 -9.411772681748398206e-01
4.114114114114113541e-01 -9.433131365072003893e-01
4.134134134134133109e-01 -9.453779256967244082e-01
4.154154154154154899e-01 -9.474391142657464515e-01
4.174174174174174468e-01 -9.494255421351659452e-01
4.194194194194194036e-01 -9.514116557504558314e-01
4.214214214214213605e-01 -9.533193825121029086e-01
4.234234234234233174e-01 -9.552300458408630179e-01
4.254254254254254963e-01 -9.570587676350986728e-01
4.274274274274274532e-01 -9.588936259983200650e-01
4.294294294294294101e-01 -9.606430753471254524e-01
4.314314314314313670e-01 -9.624017954302370725e-01
4.334334334334333239e-01 -9.640717415404547186e-01
4.354354354354355028e-01 -9.657540120108045745e-01
4.374374374374374597e-01 -9.673442609218013688e-01
4.394394394394394165e-01 -9.689497929459455206e-01
4.414414414414413734e-01 -9.704601875173430869e-01
4.434434434434433303e-01 -9.719887151718022977e-01
4.454454454454455092e-01 -9.734191349077977451e-01
4.474474474474474661e-01 -9.748704154776566266e-01
4.494494494494494230e-01 -9.762207761854349020e-01
4.514514514514513799e-01 -9.775945903459831721e-01
4.534534534534533368e-01 -9.788648436267596287e-01
4.554554554554555157e-01 -9.801609955041825639e-01
4.574574574574574726e-01 -9.813511280764308786e-01
4.594594594594594295e-01 -9.825694451845056188e-01
4.614614614614613863e-01 -9.836794780400256455e-01
4.634634634634633432e-01 -9.848198110907484537e-01
4.654654654654655221e-01 -9.858497984853503704e-01
4.674674674674674790e-01 -9.869120210723798525e-01
4.694694694694694359e-01 -9.878620493541165892e-01
4.714714714714713928e-01 -9.888460575090101123e-01
4.734734734734735717e-01 -9.897162437880416830e-01
4.754754754754755286e-01 -9.906219554102927427e-01
4.774774774774774855e-01 -9.914124460756468249e-01
4.794794794794794424e-01 -9.922398002386445537e-01
4.814814814814813992e-01 -9.929507693283111669e-01
4.834834834834835782e-01 -9.936997254644911459e-01
4.854854854854855351e-01 -9.943313728964318088e-01
4.874874874874874919e-01 -9.950019098659548256e-01
4.894894894894894488e-01 -9.955544595388354789e-01
4.914914914914914057e-01 -9.961465745872588595e-01
4.934934934934935846e-01 -9.966202723607964220e-01
4.954954954954955415e-01 -9.971339799723589747e-01
4.974974974974974984e-01 -9.975290915382634127e-01
4.994994994994994553e-01 -9.979644221924497405e-01
5.015015015015014122e-01 -9.982812308480858432e-01
5.035035035035035911e-01 -9.986382296882262422e-01
5.055055055055055480e-01 -9.988770340260669789e-01
5.075075075075075048e-01 -9.991557594497502137e-01
5.095095095095094617e-01 -9.993168709766940827e-01
5.115115115115114186e-01 -9.995173931587564287e-01
5.135135135135135975e-01 -9.996011338602752705e-01
5.155155155155155544e-01 -9.997235332200720137e-01
5.175175175175175113e-01 -9.997302330849771046e-01
5.195195195195194682e-01 -9.997745987104968979e-01
5.215215215215214251e-01 -9.997045932328317841e-01
5.235235235235236040e-01 -9.996710212749978508e-01
5.255255255255255609e-01 -9.995246489502721543e-01
5.275275275275275177e-01 -9.994132410015176271e-01
5.295295295295294746e-01 -9.991908408349668980e-01
5.315315315315314315e-01 -9.990017023067567781e-01
5.335335335335336104e-01 -9.987036113518376057e-01
5.355355355355355673e-01 -9.984368498663430680e-01
5.375375375375375242e-01 -9.980634008119536604e-01
5.395395395395394811e-01 -9.977191246235103117e-01
5.415415415415414380e-01 -9.972706434486546812e-01
5.435435435435436169e-01 -9.968489599109048305e-01
5.455455455455455738e-01 -9.963257636255771210e-01
5.475475475475475307e-01 -9.958267777204363735e-01
5.495495495495494875e-01 -9.952291722114818828e-01
5.515515515515514444e-01 -9.946529851560498292e-01
5.535535535535536233e-01 -9.939812631565171364e-01
5.555555555555555802e-01 -9.933279711040297055e-01
5.575575575575575371e-01 -9.925824103042599766e-01
5.595595595595594940e-01 -9.918521031549260014e-01
5.615615615615614509e-01 -9.910329644730799803e-01
5.635635635635636298e-01 -9.902257248102999121e-01
5.655655655655655867e-01 -9.893332508394593328e-01
5.675675675675675436e-01 -9.884491530064282161e-01
5.695695695695695004e-01 -9.874835666545748181e-01
5.715715715715714573e-01 -9.865226759856070560e-01
5.735735735735736363e-01 -9.854841793238797720e-01
5.755755755755755931e-01 -9.844465515440147252e-01
5.775775775775775500e-01 -9.833353248775829059e-01
5.795795795795795069e-01 -9.822210056830552594e-01
5.815815815815814638e-01 -9.810372068576985738e-01
5.835835835835836427e-01 -9.798462316888197909e-01
5.855855855855855996e-01 -9.785899956449409798e-01
5.875875875875875565e-01 -9.773223896616739514e-01
5.895895895895895134e-01 -9.759938282459563741e-01
5.915915915915914702e-01 -9.746496065151081245e-01
5.935935935935936492e-01 -9.732488085583788084e-01
5.955955955955956060e-01 -9.718279764598415360e-01
5.975975975975975629e-01 -9.703550081279632700e-01
5.995995995995995198e-01 -9.688575619857716648e-01
6.016016016016014767e-01 -9.673124674084353503e-01
6.036036036036036556e-01 -9.657383953507009400e-01
6.056056056056056125e-01 -9.641211975310137738e-01
6.076076076076075694e-01 -9.624704805809221053e-01
6.096096096096095263e-01 -9.607811825865961719e-01
6.116116116116117052e-01 -9.590537959846544558e-01
6.136136136136136621e-01 -9.572923824193392273e-01
6.156156156156156189e-01 -9.554882971750929821e-01
6.176176176176175758e-01 -9.536547359261614565e-01
6.196196196196195327e-01 -9.517739205953998916e-01
6.216216216216217116e-01 -9.498681648521680732e-01
6.236236236236236685e-01 -9.479105875334531417e-01
6.256256256256256254e-01 -9.459325780673761841e-01
6.276276276276275823e-01 -9.438982086095523139e-01
6.296296296296295392e-01 -9.418478763055744274e-01
6.316316316316317181e-01 -9.397366887155772508e-01
6.336336336336336750e-01 -9.376139573413037054e-01
6.356356356356356319e-01 -9.354259323793456815e-01
6.376376376376375887e-01 -9.332307215763554487e-01
6.396396396396395456e-01 -9.309658495232792097e-01
6.416416416416417245e-01 -9.286980780024383098e-01
6.436436436436436814e-01 -9.263563615817528296e-01
6.456456456456456383e-01 -9.240159505020035802e-01
6.476476476476475952e-01 -9.215974079369426697e-01
6.496496496496495521e-01 -9.191842844448058214e-01
6.516516516516517310e-01 -9.166889526285570966e-01
6.536536536536536879e-01 -9.142030535332872354e-01
6.556556556556556448e-01 -9.116309912885218747e-01
6.576576576576576016e-01 -9.090722668457930089e-01
6.596596596596595585e-01 -9.064235582476165565e-01
6.616616616616617375e-01 -9.037919760226205135e-01
6.636636636636636943e-01 -9.010667337572839664e-01
6.656656656656656512e-01 -8.983622825362734821e-01
6.676676676676676081e-01 -8.955606512662643848e-01
6.696696696696695650e-01 -8.927833449839158719e-01
6.716716716716717439e-01 -8.899055046885797626e-01
6.736736736736737008e-01 -8.870553863370688186e-01
6.756756756756756577e-01 -8.841015555965662243e-01
6.776776776776776146e-01 -8.811787010810263610e-01
6.796796796796795714e-01 -8.781491402703106575e-01
6.816816816816817504e-01 -8.751536621742872502e-01
6.836836836836837072e-01 -8.720486765330188739e-01
6.856856856856856641e-01 -8.689807277567879185e-01
6.876876876876876210e-01 -8.658006703003598981e-01
6.896896896896895779e-01 -8.626604475344791245e-01
6.916916916916917568e-01 -8.594057217711100760e-01
6.936936936936937137e-01 -8.561934687673939948e-01
6.956956956956956706e-01 -8.528645311861384748e-01
6.976976976976976275e-01 -8.495805417883558475e-01
6.996996996996995843e-01 -8.461779040831498566e-01
7.017017017017017633e-01 -8.428225249801712948e-01
7.037037037037037202e-01 -8.393467559756679908e-01
7.057057057057056770e-01 -8.359203891405981857e-01
7.077077077077076339e-01 -8.323721163864232775e-01
7.097097097097095908e-01 -8.288752211663530378e-01
7.117117117117117697e-01 -8.252551321677189522e-01
7.137137137137137266e-01 -8.216882269902592295e-01
7.157157157157156835e-01 -8.179970700444930687e-01
7.177177177177176404e-01 -8.143607337090831289e-01
7.197197197197195973e-01 -8.105993183196286145e-01
7.217217217217217762e-01 -8.068941908438486132e-01
7.237237237237237331e-01 -8.030633876856739795e-01
7.257257257257256899e-01 -7.992901706794185435e-01
7.277277277277276468e-01 -7.953909110924548553e-01
7.297297297297298257e-01 -7.915503676357737994e-01
7.317317317317317826e-01 -7.875836426261580980e-01
7.337337337337337395e-01 -7.836765966299327202e-01
7.357357357357356964e-01 -7.796434553622462182e-01
7.377377377377376533e-01 -7.756707903945581073e-01
7.397397397397398322e-01 -7.715723381621244492e-01
7.417417417417417891e-01 -7.675349957272596946e-01
7.437437437437437460e-01 -7.633723913916585779e-01
7.457457457457457028e-01 -7.592713686530315753e-01
7.477477477477476597e-01 -7.550458215485129632e-01
7.497497497497498387e-01 -7.508821684915653050e-01
7.517517517517517955e-01 -7.465949347948107606e-01
7.537537537537537524e-01 -7.423697508309077264e-01
7.557557557557557093e-01 -7.380221294017039746e-01
7.577577577577576662e-01 -7.337365594193102636e-01
7.597597597597598451e-01 -7.293298871230047276e-01
7.617617617617618020e-01 -7.249851169979641963e-01
7.637637637637637589e-01 -7.205207635261949850e-01
7.657657657657657158e-01 -7.161180151086433687e-01
7.677677677677676726e-01 -7.115973773205339636e-01
7.697697697697698516e-01 -7.071379029218627377e-01
7.717717717717718084e-01 -7.025623987338756038e-01
7.737737737737737653e-01 -6.980474751431884339e-01
7.757757757757757222e-01 -6.934185370018312033e-01
7.777777777777776791e-01 -6.888494590674248963e-01
7.797797797797798580e-01 -6.841685270451461909e-01
7.817817817817818149e-01 -6.795466008626930288e-01
7.837837837837837718e-01 -6.748151154234788285e-01
7.857857857857857287e-01 -6.701416511786743024e-01
7.877877877877876855e-01 -6.653610456659426742e-01
7.897897897897898645e-01 -6.606373501854815311e-01
7.917917917917918214e-01 -6.558090430909616630e-01
7.937937937937937782e-01 -6.510364121615597188e-01
7.957957957957957351e-01 -6.461617992397162835e-01
7.977977977977976920e-01 -6.413415097606542936e-01
7.997997997997998709e-01 -6.364219560589878810e-01
8.018018018018018278e-01 -6.315552580990699827e-01
8.038038038038037847e-01 -6.265920899800465627e-01
8.058058058058057416e-01 -6.216801988150489899e-01
8.078078078078076985e-01 -6.166746960505821162e-01
8.098098098098098774e-01 -6.117187842619524751e-01
8.118118118118118343e-01 -6.066721722861017074e-01
8.138138138138137911e-01 -6.016733620059877552e-01
8.158158158158157480e-01 -5.965868044158388894e-01
8.178178178178177049e-01 -5.915461598072416782e-01
8.198198198198198838e-01 -5.864207512057344474e-01
8.218218218218218407e-01 -5.813392712697063036e-01
8.238238238238237976e-01 -5.761760305473716537e-01
8.258258258258257545e-01 -5.710546423516337233e-01
8.278278278278277114e-01 -5.658545065067294155e-01
8.298298298298298903e-01 -5.606940589317560564e-01
8.318318318318318472e-01 -5.554578775301388660e-01
8.338338338338338041e-01 -5.502591356296566705e-01
8.358358358358357609e-01 -5.449876660067612955e-01
8.378378378378377178e-01 -5.397513060795151585e-01
8.398398398398398967e-01 -5.344452093870101228e-01
8.418418418418418536e-01 -5.291718148557079671e-01
8.438438438438438105e-01 -5.238316530547094674e-01
8.458458458458457674e-01 -5.185217112459939992e-01
8.478478478478477243e-01 -5.131479451470377651e-01
8.498498498498499032e-01 -5.078018450631848202e-01
8.518518518518518601e-01 -5.023948335105257179e-01
8.538538538538538170e-01 -4.970128646793224303e-01
8.558558558558557738e-01 -4.915728649733958622e-01
8.578578578578577307e-01 -4.861552174571405205e-01
8.598598598598599096e-01 -4.806823871042192886e-01
8.618618618618618665e-01 -4.752291527420330897e-01
8.638638638638638234e-01 -4.697235526141819162e-01
8.658658658658657803e-01 -4.642347275638046278e-01
8.678678678678679592e-01 -4.586963265451761695e-01
8.698698698698699161e-01 -4.531718151809835393e-01
8.718718718718718730e-01 -4.476004963682991278e-01
8.738738738738738299e-01 -4.420401165815879274e-01
8.758758758758757867e-01 -4.364356850971804480e-01
8.778778778778779657e-01 -4.308391750326084901e-01
8.798798798798799226e-01 -4.252013674979400748e-01
8.818818818818818794e-01 -4.195683937464932955e-01
8.838838838838838363e-01 -4.138968894523353259e-01
8.858858858858857932e-01 -4.082270567062881717e-01
8.878878878878879721e-01 -4.025214905028989265e-01
8.898898898898899290e-01 -3.968143526619188899e-01
8.918918918918918859e-01 -3.910743295787809659e-01
8.938938938938938428e-01 -3.853294022786482587e-01
8.958958958958957997e-01 -3.795545138683423803e-01
8.978978978978979786e-01 -3.737712883847782996e-01
8.998998998998999355e-01 -3.679611307697671085e-01
9.019019019019018923e-01 -3.621390892295548447e-01
9.039039039039038492e-01 -3.562932828139538377e-01
9.059059059059058061e-01 -3.504319146239652794e-01
9.079079079079079850e-01 -3.445501254148933823e-01
9.099099099099099419e-01 -3.386489447969928124e-01
9.119119119119118988e-01 -3.327309072619884511e-01
9.139139139139138557e-01 -3.267894717579271635e-01
9.159159159159158126e-01 -3.208350131263466576e-01
9.179179179179179915e-01 -3.148529429120132672e-01
9.199199199199199484e-01 -3.088620088092744465e-01
9.219219219219219053e-01 -3.028390066319515683e-01
9.239239239239238621e-01 -2.968116879163842925e-01
9.259259259259258190e-01 -2.907475594422524456e-01
9.279279279279279979e-01 -2.846841200951455431e-01
9.299299299299299548e-01 -2.785787944271500560e-01
9.319319319319319117e-01 -2.724797003276302476e-01
9.339339339339338686e-01 -2.663332504262855838e-01
9.359359359359358255e-01 -2.601991988241248444e-01
9.379379379379380044e-01 -2.540118615359126530e-01
9.399399399399399613e-01 -2.478438110175858744e-01
9.419419419419419182e-01 -2.416160063875326114e-01
9.439439439439438750e-01 -2.354152071139122837e-01
9.459459459459458319e-01 -2.291475566308821543e-01
9.479479479479480108e-01 -2.229155806092935066e-01
9.499499499499499677e-01 -2.166089240047057995e-01
9.519519519519519246e-01 -2.103476951439619269e-01
9.539539539539538815e-01 -2.040031053372047543e-01
9.559559559559558384e-01 -1.977149290219458733e-01
9.579579579579580173e-01 -1.913337247789402840e-01
9.599599599599599742e-01 -1.850213166894875694e-01
9.619619619619619311e-01 -1.786050725348840573e-01
9.639639639639638879e-01 -1.722715864312957257e-01
9.659659659659658448e-01 -1.658221393298240087e-01
9.679679679679680238e-01 -1.594711935141437109e-01
9.699699699699699806e-01 -1.529906458130275149e-01
9.719719719719719375e-01 -1.466263479824319038e-01
9.739739739739738944e-01 -1.401170660845228733e-01
9.759759759759758513e-01 -1.337440362903539459e-01
9.779779779779780302e-01 -1.272086445072450889e-01
9.799799799799799871e-01 -1.208320359414162964e-01
9.819819819819819440e-01 -1.142734049572215610e-01
9.839839839839839009e-01 -1.078989222984615970e-01
9.859859859859860798e-01 -1.013201516585110762e-01
9.879879879879880367e-01 -9.495406672687013716e-02
9.899899899899899935e-01 -8.835846075155281976e-02
9.919919919919919504e-01 -8.200762524099099171e-02
9.939939939939939073e-01 -7.539866175333036213e-02
9.959959959959960862e-01 -6.907051683944241682e-02
9.979979979979980431e-01 -6.245180808616442730e-02
1.000000000000000000e+00 -5.615439073967460476e-02
