x U
-1.000000000000000000e+00 -3.041219933835166700e-02
-9.977753058954393905e-01 -2.343567406058956470e-02
-9.955506117908787811e-01 -1.638366511586032345e-02
-9.933259176863181716e-01 -9.407838888126357144e-03
-9.911012235817575622e-01 -2.354626843674244904e-03
-9.888765294771968417e-01 4.619227770718738017e-03
-9.866518353726362323e-01 1.167223471455904743e-02
-9.844271412680756228e-01 1.864284406986458503e-02
-9.822024471635150134e-01 2.569423811343361438e-02
-9.799777530589544039e-01 3.266032772406862739e-02
-9.777530589543937944e-01 3.970870177814428414e-02
-9.755283648498331850e-01 4.666899656214956726e-02
-9.733036707452725755e-01 5.371294455631177994e-02
-9.710789766407118551e-01 6.066616907961668026e-02
-9.688542825361512456e-01 6.770428626913820025e-02
-9.666295884315906362e-01 7.464916499058871224e-02
-9.644048943270300267e-01 8.168004826182463651e-02
-9.621802002224694172e-01 8.861530577891806038e-02
-9.599555061179088078e-01 9.563755395312273366e-02
-9.577308120133481983e-01 1.025619152483923657e-01
-9.555061179087875889e-01 1.095741293839415931e-01
-9.532814238042268684e-01 1.164863200719374048e-01
-9.510567296996662590e-01 1.234871037648849618e-01
-9.488320355951056495e-01 1.303858503396978785e-01
-9.466073414905450401e-01 1.373738100226381265e-01
-9.443826473859844306e-01 1.442578401059145810e-01
-9.421579532814238211e-01 1.512315853450898473e-01
-9.399332591768632117e-01 1.580996279344764610e-01
-9.377085650723026022e-01 1.650577717250947263e-01
-9.354838709677419928e-01 1.719085574430596897e-01
-9.332591768631812723e-01 1.788497165027702340e-01
-9.310344827586206629e-01 1.856819778457455272e-01
-9.288097886540600534e-01 1.926047729062371761e-01
-9.265850945494994439e-01 1.994172444940189026e-01
-9.243604004449388345e-01 2.063203005906894538e-01
-9.221357063403782250e-01 2.131117194160462025e-01
-9.199110122358176156e-01 2.199936661757057321e-01
-9.176863181312568951e-01 2.267627718541330994e-01
-9.154616240266962857e-01 2.336222437806906305e-01
-9.132369299221356762e-01 2.403677788002559490e-01
-9.110122358175750668e-01 2.472034155583610060e-01
-9.087875417130144573e-01 2.539241255295771049e-01
-9.065628476084538478e-01 2.607345722261633636e-01
-9.043381535038932384e-01 2.674292061318340741e-01
-9.021134593993326289e-01 2.742131135955326871e-01
-8.998887652947720195e-01 2.808804240405074482e-01
-8.976640711902112990e-01 2.876364490988849720e-01
-8.954393770856506896e-01 2.942751925596748253e-01
-8.932146829810900801e-01 3.010019983142601663e-01
-8.909899888765294707e-01 3.076109353884410869e-01
-8.887652947719688612e-01 3.143071914875005257e-01
-8.865406006674082517e-01 3.208850871428574614e-01
-8.843159065628476423e-01 3.275494700518831181e-01
-8.820912124582870328e-01 3.340950938752205168e-01
-8.798665183537264234e-01 3.407262871450897346e-01
-8.776418242491657029e-01 3.472384135906642633e-01
-8.754171301446050935e-01 3.538351081234430984e-01
-8.731924360400444840e-01 3.603125167609413926e-01
-8.709677419354838745e-01 3.668734110732873033e-01
-8.687430478309232651e-01 3.733148868353078353e-01
-8.665183537263626556e-01 3.798386873194393720e-01
-8.642936596218020462e-01 3.862430207484018885e-01
-8.620689655172413257e-01 3.927284419305984708e-01
-8.598442714126807163e-01 3.990944294250326485e-01
-8.576195773081201068e-01 4.055401942216304567e-01
-8.553948832035594974e-01 4.118666382817742222e-01
-8.531701890989988879e-01 4.182714782526352204e-01
-8.509454949944382784e-01 4.245571877252879989e-01
-8.487208008898776690e-01 4.309198433246917426e-01
-8.464961067853170595e-01 4.371636336472572992e-01
-8.442714126807564501e-01 4.434828544721980403e-01
-8.420467185761957296e-01 4.496835479158652338e-01
-8.398220244716351202e-01 4.559580929517140779e-01
-8.375973303670745107e-01 4.621145188637021950e-01
-8.353726362625139013e-01 4.683431567272093310e-01
-8.331479421579532918e-01 4.744541517720344270e-01
-8.309232480533926823e-01 4.806356609516335143e-01
-8.286985539488320729e-01 4.867000693513168219e-01
-8.264738598442713524e-01 4.928332384447110526e-01
-8.242491657397108540e-01 4.988499122178883249e-01
-8.220244716351501335e-01 5.049335401668788581e-01
-8.197997775305895241e-01 5.109013393667390934e-01
-8.175750834260289146e-01 5.169342356892774326e-01
-8.153503893214683051e-01 5.228520286402700279e-01
-8.131256952169076957e-01 5.288330136596973707e-01
-8.109010011123470862e-01 5.346996771929609649e-01
-8.086763070077864768e-01 5.406275822644136531e-01
-8.064516129032257563e-01 5.464420019518531069e-01
-8.042269187986651469e-01 5.523156696858018133e-01
-8.020022246941045374e-01 5.580767400727610905e-01
-7.997775305895439280e-01 5.638950245556638707e-01
-7.975528364849833185e-01 5.696016493921411961e-01
-7.953281423804227090e-01 5.753634164041787624e-01
-7.931034482758620996e-01 5.810145088745135578e-01
-7.908787541713013791e-01 5.867186361043884579e-01
-7.886540600667408807e-01 5.923131190553678760e-01
-7.864293659621801602e-01 5.979584963121294949e-01
-7.842046718576195508e-01 6.034953024794686982e-01
-7.819799777530589413e-01 6.090808319013573113e-01
-7.797552836484983318e-01 6.145589041344732273e-01
-7.775305895439377224e-01 6.200835003947507973e-01
-7.753058954393771129e-01 6.255017918797883825e-01
-7.730812013348165035e-01 6.309643823895325632e-01
-7.708565072302557830e-01 6.363218568705836242e-01
-7.686318131256952846e-01 6.417213819784234330e-01
-7.664071190211345641e-01 6.470170139768807172e-01
-7.641824249165739547e-01 6.523524271656566675e-01
-7.619577308120133452e-01 6.575852021976459350e-01
-7.597330367074527357e-01 6.628554702779675400e-01
-7.575083426028921263e-01 6.680243850698078800e-01
-7.552836484983315168e-01 6.732284883704926504e-01
-7.530589543937709074e-01 6.783325510721196494e-01
-7.508342602892101869e-01 6.834694836274887164e-01
-7.486095661846496885e-01 6.885077140237987336e-01
-7.463848720800889680e-01 6.935764837578144437e-01
-7.441601779755283586e-01 6.985479134778702637e-01
-7.419354838709677491e-01 7.035475423850936494e-01
-7.397107897664071396e-01 7.084512151091336696e-01
-7.374860956618465302e-01 7.133807394324865880e-01
-7.352614015572858097e-01 7.182157110966913560e-01
-7.330367074527253113e-01 7.230741815020019780e-01
-7.308120133481645908e-01 7.278395205009628999e-01
-7.285873192436039814e-01 7.326260022482840029e-01
-7.263626251390433719e-01 7.373207896351214874e-01
-7.241379310344827624e-01 7.420343627467913539e-01
-7.219132369299221530e-01 7.466576924308782059e-01
-7.196885428253614325e-01 7.512974518563227955e-01
-7.174638487208009341e-01 7.558484307985510187e-01
-7.152391546162402136e-01 7.604134865758037654e-01
-7.130144605116797152e-01 7.648912349813549172e-01
-7.107897664071189947e-01 7.693807123952801641e-01
-7.085650723025583853e-01 7.737843639038450849e-01
-7.063403781979977758e-01 7.781974036410509443e-01
-7.041156840934371663e-01 7.825261055144494549e-01
-7.018909899888765569e-01 7.868618638148808797e-01
-6.996662958843158364e-01 7.911147771220339298e-01
-6.974416017797553380e-01 7.953724259272273445e-01
-6.952169076751946175e-01 7.995487257264372039e-01
-6.929922135706341191e-01 8.037274528244209293e-01
-6.907675194660733986e-01 8.078263283429134578e-01
-6.885428253615127892e-01 8.119253375097481573e-01
-6.863181312569521797e-01 8.159459923204280818e-01
-6.840934371523915702e-01 8.199645034583675773e-01
-6.818687430478309608e-01 8.239061556537417008e-01
-6.796440489432702403e-01 8.278434049260139371e-01
-6.774193548387097419e-01 8.317052872892400917e-01
-6.751946607341490214e-01 8.355605272514267101e-01
-6.729699666295884120e-01 8.393418874244439332e-01
-6.707452725250278025e-01 8.431143871524572342e-01
-6.685205784204671930e-01 8.468144878011515386e-01
-6.662958843159065836e-01 8.505035330157891815e-01
-6.640711902113458631e-01 8.541216519921597250e-01
-6.618464961067853647e-01 8.577265451802359442e-01
-6.596218020022246442e-01 8.612619756815108607e-01
-6.573971078976641458e-01 8.647820362135533179e-01
-6.551724137931034253e-01 8.682340869382247917e-01
-6.529477196885428159e-01 8.716686511827250738e-01
-6.507230255839822064e-01 8.750366464834573588e-01
-6.484983314794215969e-01 8.783850679176722354e-01
-6.462736373748609875e-01 8.816683479510440957e-01
-6.440489432703002670e-01 8.849299972683412063e-01
-6.418242491657397686e-01 8.881279181413859192e-01
-6.395995550611790481e-01 8.913021833551201256e-01
-6.373748609566185497e-01 8.944141172686288499e-01
-6.351501668520578292e-01 8.975004038125496963e-01
-6.329254727474972197e-01 9.005257392010969086e-01
-6.307007786429366103e-01 9.035234700262771979e-01
-6.284760845383760008e-01 9.064616116949368863e-01
-6.262513904338153914e-01 9.093702273632214839e-01
-6.240266963292546709e-01 9.122205966209383510e-01
-6.218020022246941725e-01 9.150395553948990068e-01
-6.195773081201334520e-01 9.178015901844785995e-01
-6.173526140155728426e-01 9.205303681138894412e-01
-6.151279199110122331e-01 9.232035231385772311e-01
-6.129032258064516236e-01 9.258416141433851720e-01
-6.106785317018910142e-01 9.284253609900018356e-01
-6.084538375973302937e-01 9.309722769398021125e-01
-6.062291434927697953e-01 9.334661041984058105e-01
-6.040044493882090748e-01 9.359213749884152111e-01
-6.017797552836485764e-01 9.383247883684587842e-01
-5.995550611790878559e-01 9.406879619919851221e-01
-5.973303670745272465e-01 9.430004844349384463e-01
-5.951056729699666370e-01 9.452711270523477260e-01
-5.928809788654060275e-01 9.474922988407603608e-01
-5.906562847608454181e-01 9.496699948449333073e-01
-5.884315906562846976e-01 9.517993737079045724e-01
-5.862068965517241992e-01 9.538837257861888519e-01
-5.839822024471634787e-01 9.559208870012255721e-01
-5.817575083426028693e-01 9.579115161938797085e-01
-5.795328142380422598e-01 9.598560526851130925e-01
-5.773081201334816503e-01 9.617525984402391925e-01
-5.750834260289210409e-01 9.636041208729771990e-01
-5.728587319243604314e-01 9.654062410979539210e-01
-5.706340378197998220e-01 9.671643779695412446e-01
-5.684093437152391015e-01 9.688717490789426900e-01
-5.661846496106786031e-01 9.705361468059159336e-01
-5.639599555061178826e-01 9.721484637659306705e-01
-5.617352614015572732e-01 9.737187867674387265e-01
-5.595105672969966637e-01 9.752357631367842838e-01
-5.572858731924360542e-01 9.767116939142558296e-01
-5.550611790878754448e-01 9.781330618815973210e-01
-5.528364849833147243e-01 9.795143010946339990e-01
-5.506117908787542259e-01 9.808398115125008809e-01
-5.483870967741935054e-01 9.821260780509821764e-01
-5.461624026696330070e-01 9.833555004661981291e-01
-5.439377085650722865e-01 9.845465315185756294e-01
-5.417130144605116771e-01 9.856796541991912353e-01
-5.394883203559510676e-01 9.867752053169633886e-01
-5.372636262513904581e-01 9.878118352757087051e-01
-5.350389321468298487e-01 9.888116804340505439e-01
-5.328142380422691282e-01 9.897516434483033532e-01
-5.305895439377086298e-01 9.906555751028471857e-01
-5.283648498331479093e-01 9.914987157311250243e-01
-5.261401557285872999e-01 9.923065448708658920e-01
-5.239154616240266904e-01 9.930527264658525199e-01
-5.216907675194660809e-01 9.937642826621796432e-01
-5.194660734149054715e-01 9.944133873802872836e-01
-5.172413793103447510e-01 9.950285188321169594e-01
-5.150166852057842526e-01 9.955804476395905267e-01
-5.127919911012235321e-01 9.960990212145995892e-01
-5.105672969966630337e-01 9.965536938901728981e-01
-5.083426028921023132e-01 9.969755951621204204e-01
-5.061179087875417038e-01 9.973329502962272608e-01
-5.038932146829810943e-01 9.976580835783522838e-01
-5.016685205784204848e-01 9.979180785689084621e-01
-4.994438264738598754e-01 9.981463669434015307e-01
-4.972191323692992659e-01 9.983089779881576531e-01
-4.949944382647386565e-01 9.984403633316948357e-01
-4.927697441601779360e-01 9.985055854171744905e-01
-4.905450500556173266e-01 9.985400284225141032e-01
-4.883203559510567171e-01 9.985078753095426585e-01
-4.860956618464961076e-01 9.984453555031728156e-01
-4.838709677419354982e-01 9.983158597090100450e-01
-4.816462736373748887e-01 9.981563754648503650e-01
-4.794215795328142793e-01 9.979295882419382258e-01
-4.771968854282536698e-01 9.976731567910871457e-01
-4.749721913236929494e-01 9.973491481024174821e-01
-4.727474972191323399e-01 9.969958055389492868e-01
-4.705228031145717305e-01 9.965746640300663373e-01
-4.682981090100111210e-01 9.961244653128724647e-01
-4.660734149054505115e-01 9.956062982805223838e-01
-4.638487208008899021e-01 9.950593172312010015e-01
-4.616240266963292926e-01 9.944442505886409434e-01
-4.593993325917686832e-01 9.938005798854331330e-01
-4.571746384872079627e-01 9.930887581244084439e-01
-4.549499443826473533e-01 9.923485092921842110e-01
-4.527252502780867438e-01 9.915400954415921619e-01
-4.505005561735261344e-01 9.907033988378928235e-01
-4.482758620689655249e-01 9.897985744191379887e-01
-4.460511679644049154e-01 9.888655792162746039e-01
-4.438264738598443060e-01 9.878645441953364248e-01
-4.416017797552836965e-01 9.868354183585527073e-01
-4.393770856507229761e-01 9.857383910947803418e-01
-4.371523915461623666e-01 9.846133213564814968e-01
-4.349276974416017572e-01 9.834205385481262773e-01
-4.327030033370411477e-01 9.821997303781874189e-01
-4.304783092324805382e-01 9.809114470046873535e-01
-4.282536151279199288e-01 9.795951245768443894e-01
-4.260289210233593193e-01 9.782116138378822434e-01
-4.238042269187987099e-01 9.768000199922162174e-01
-4.215795328142381004e-01 9.753215732435585039e-01
-4.193548387096773800e-01 9.738149694450864979e-01
-4.171301446051167705e-01 9.722418961312269126e-01
-4.149054505005561611e-01 9.706405624246033925e-01
-4.126807563959955516e-01 9.689731900082227956e-01
-4.104560622914349421e-01 9.672774249685692771e-01
-4.082313681868743327e-01 9.655160988568309843e-01
-4.060066740823137232e-01 9.637262195367036766e-01
-4.037819799777531138e-01 9.618713030044019341e-01
-4.015572858731923933e-01 9.599876448769116832e-01
-3.993325917686317839e-01 9.580395189864923111e-01
-3.971078976640711744e-01 9.560624358845908333e-01
-3.948832035595105650e-01 9.540214994030588036e-01
-3.926585094549499555e-01 9.519513634550087477e-01
-3.904338153503893460e-01 9.498180327677454571e-01
-3.882091212458287366e-01 9.476552343287857338e-01
-3.859844271412681271e-01 9.454299433502931782e-01
-3.837597330367074067e-01 9.431748909305258666e-01
-3.815350389321467972e-01 9.408580910121122631e-01
-3.793103448275861878e-01 9.385112112006184226e-01
-3.770856507230255783e-01 9.361033710350558090e-01
-3.748609566184649688e-01 9.336651084202666206e-01
-3.726362625139043594e-01 9.311667139434300910e-01
-3.704115684093437499e-01 9.286375310297714236e-01
-3.681868743047831405e-01 9.260490853192880900e-01
-3.659621802002224200e-01 9.234294624401147011e-01
-3.637374860956618106e-01 9.207514856110414758e-01
-3.615127919911012011e-01 9.180419208378890472e-01
-3.592880978865405917e-01 9.152749499354387863e-01
-3.570634037819799822e-01 9.124759589836100027e-01
-3.548387096774193727e-01 9.096205478729493255e-01
-3.526140155728587633e-01 9.067326640034653051e-01
-3.503893214682981538e-01 9.037893832566066266e-01
-3.481646273637375444e-01 9.008131571745370270e-01
-3.459399332591768239e-01 8.977825939543442324e-01
-3.437152391546162145e-01 8.947185937035466718e-01
-3.414905450500556050e-01 8.916013516448864085e-01
-3.392658509454949955e-01 8.884501624991809621e-01
-3.370411568409343861e-01 8.852468615872290947e-01
-3.348164627363737766e-01 8.820090859380340653e-01
-3.325917686318131672e-01 8.787203623837744892e-01
-3.303670745272525577e-01 8.753966196242277675e-01
-3.281423804226918373e-01 8.720231257371571232e-01
-3.259176863181312278e-01 8.686140521427564432e-01
-3.236929922135706184e-01 8.651564562008255965e-01
-3.214682981090100089e-01 8.616627048066091143e-01
-3.192436040044493994e-01 8.581216909234226087e-01
-3.170189098998887900e-01 8.545439313977253315e-01
-3.147942157953281805e-01 8.509201993870290082e-01
-3.125695216907675711e-01 8.472591179018384988e-01
-3.103448275862068506e-01 8.435533831393170479e-01
-3.081201334816462412e-01 8.398096822372643766e-01
-3.058954393770856317e-01 8.360226755196732418e-01
-3.036707452725250223e-01 8.321970739776891612e-01
-3.014460511679644128e-01 8.283295413793506645e-01
-2.992213570634038033e-01 8.244227740690207584e-01
-2.969966629588431939e-01 8.204754767957084249e-01
-2.947719688542825844e-01 8.164882945403583170e-01
-2.925472747497218640e-01 8.124620087805962676e-01
-2.903225806451612545e-01 8.083951782091393090e-01
-2.880978865406006451e-01 8.042906949829450314e-01
-2.858731924360400356e-01 8.001449983805266619e-01
-2.836484983314794261e-01 7.959631233856286903e-01
-2.814238042269188167e-01 7.917393585411045542e-01
-2.791991101223582072e-01 7.874809119966531545e-01
-2.769744160177975978e-01 7.831798920469371650e-01
-2.747497219132369883e-01 7.788457085347476605e-01
-2.725250278086762679e-01 7.744682618060571011e-01
-2.703003337041156584e-01 7.700591901094037128e-01
-2.680756395995550490e-01 7.656061599554531139e-01
-2.658509454949944395e-01 7.611230628954532840e-01
-2.636262513904338300e-01 7.565953075326189436e-01
-2.614015572858732206e-01 7.520390618022265716e-01
-2.591768631813126111e-01 7.474374541417314610e-01
-2.569521690767520017e-01 7.428089501373758008e-01
-2.547274749721912812e-01 7.381343776145257163e-01
-2.525027808676306718e-01 7.334345192654240231e-01
-2.502780867630700623e-01 7.286878836659389513e-01
-2.480533926585094529e-01 7.239175882611089685e-01
-2.458286985539488434e-01 7.190998055445848580e-01
-2.436040044493882339e-01 7.142600035575971118e-01
-2.413793103448276245e-01 7.093720036781369087e-01
-2.391546162402670150e-01 7.044636385896299036e-01
-2.369299221357062946e-01 6.995063653136904813e-01
-2.347052280311456851e-01 6.945303934316787720e-01
-2.324805339265850757e-01 6.895048041531749439e-01
-2.302558398220244662e-01 6.844621944311862771e-01
-2.280311457174638567e-01 6.793692599838857538e-01
-2.258064516129032473e-01 6.742609938369549250e-01
-2.235817575083426378e-01 6.691016983042109567e-01
-2.213570634037820284e-01 6.639287694227701264e-01
-2.191323692992213079e-01 6.587041099446363512e-01
-2.169076751946606985e-01 6.534675241063219175e-01
-2.146829810901000890e-01 6.481785106840883826e-01
-2.124582869855394796e-01 6.428792855635072634e-01
-2.102335928809788701e-01 6.375269408617011413e-01
-2.080088987764182606e-01 6.321661058381831122e-01
-2.057842046718576512e-01 6.267514649840839613e-01
-2.035595105672970417e-01 6.213300609474587954e-01
-2.013348164627364323e-01 6.158541713281633356e-01
-1.991101223581757118e-01 6.103732504825873928e-01
-1.968854282536151024e-01 6.048371715396758663e-01
-1.946607341490544929e-01 5.992977972055515412e-01
-1.924360400444938834e-01 5.937026002273974035e-01
-1.902113459399332740e-01 5.881058466414118557e-01
-1.879866518353726645e-01 5.824526145531809806e-01
-1.857619577308120551e-01 5.767995666665005627e-01
-1.835372636262514456e-01 5.710893938178868146e-01
-1.813125695216907252e-01 5.653811470925413918e-01
-1.790878754171301157e-01 5.596151390432824169e-01
-1.768631813125695063e-01 5.538527992467769945e-01
-1.746384872080088968e-01 5.480320725499983059e-01
-1.724137931034482873e-01 5.422167555481838264e-01
-1.701890989988876779e-01 5.363424375316139248e-01
-1.679644048943270684e-01 5.304752690798526515e-01
-1.657397107897664590e-01 5.245484976249652487e-01
-1.635150166852057385e-01 5.186306131576232659e-01
-1.612903225806451291e-01 5.126525364767455795e-01
-1.590656284760845196e-01 5.066850808950582596e-01
-1.568409343715239102e-01 5.006568573064973382e-01
-1.546162402669633007e-01 4.946409847648238767e-01
-1.523915461624026912e-01 4.885637824660579165e-01
-1.501668520578420818e-01 4.825006561565860497e-01
-1.479421579532814723e-01 4.763756529955651686e-01
-1.457174638487208629e-01 4.702664449314815642e-01
-1.434927697441601424e-01 4.640948281760960414e-01
-1.412680756395995330e-01 4.579407189732647154e-01
-1.390433815350389235e-01 4.517236850790218305e-01
-1.368186874304783140e-01 4.455258637362129459e-01
-1.345939933259177046e-01 4.392646181121702686e-01
-1.323692992213570951e-01 4.330242817898687369e-01
-1.301446051167964857e-01 4.267200385628781567e-01
-1.279199110122358762e-01 4.204383923607125650e-01
-1.256952169076751558e-01 4.140923741380236334e-01
-1.234705228031145463e-01 4.077706308708541338e-01
-1.212458286985539369e-01 4.013840685011209608e-01
-1.190211345939933274e-01 3.950234484738207041e-01
-1.167964404894327179e-01 3.885975808065654791e-01
-1.145717463848721085e-01 3.821993115875314539e-01
-1.123470522803114990e-01 3.757353852311210995e-01
-1.101223581757508896e-01 3.693007014245550668e-01
-1.078976640711901691e-01 3.627999705027286081e-01
-1.056729699666295597e-01 3.563301135197247671e-01
-1.034482758620689502e-01 3.497938394267313678e-01
-1.012235817575083408e-01 3.432900572552110008e-01
-9.899888765294773130e-02 3.367195084096037960e-01
-9.677419354838712184e-02 3.301830553831281989e-01
-9.454949944382651239e-02 3.235795069802673840e-01
-9.232480533926590294e-02 3.170116435457764337e-01
-9.010011123470518246e-02 3.103763773090902900e-01
-8.787541713014457301e-02 3.037783697935961258e-01
-8.565072302558396355e-02 2.971126737246553295e-01
-8.342602892102335410e-02 2.904857941009392208e-01
-8.120133481646274465e-02 2.837909622283812938e-01
-7.897664071190213519e-02 2.771364878797266673e-01
-7.675194660734152574e-02 2.704138200070982379e-01
-7.452725250278091629e-02 2.637330334910958363e-01
-7.230255839822030683e-02 2.569838349436577851e-01
-7.007786429365958636e-02 2.502780237551243125e-01
-6.785317018909897691e-02 2.435036051256665168e-01
-6.562847608453836745e-02 2.367740614587215964e-01
-6.340378197997775800e-02 2.299757383524396737e-01
-6.117908787541714855e-02 2.232237588617697888e-01
-5.895439377085653909e-02 2.164028516402591307e-01
-5.672969966629592964e-02 2.096297372016173444e-01
-5.450500556173532019e-02 2.027875707260317073e-01
-5.228031145717459971e-02 1.959946261960087976e-01
-5.005561735261399026e-02 1.891325295694321063e-01
-4.783092324805338080e-02 1.823210635445368932e-01
-4.560622914349277135e-02 1.754403698536233513e-01
-4.338153503893216190e-02 1.686116944287160413e-01
-4.115684093437155244e-02 1.617137404846495374e-01
-3.893214682981094299e-02 1.548691710107598374e-01
-3.670745272525033354e-02 1.479552970895802178e-01
-3.448275862068961306e-02 1.410961519311593748e-01
-3.225806451612900361e-02 1.341677015135109563e-01
-3.003337041156839415e-02 1.272953018051539709e-01
-2.780867630700778470e-02 1.203536213154990792e-01
-2.558398220244717525e-02 1.134692907181708704e-01
-2.335928809788656579e-02 1.065157292635320191e-01
-2.113459399332595634e-02 9.962079372034698954e-02
-1.890989988876534689e-02 9.265670282861541984e-02
-1.668520578420462641e-02 8.575249032020608453e-02
-1.446051167964401696e-02 7.877922367807096982e-02
-1.223581757508340750e-02 7.186706397758772791e-02
-1.001112347052279805e-02 6.488597716814277494e-02
-7.786429365962188598e-03 5.796720159591751270e-02
-5.561735261401579145e-03 5.097965183598685696e-02
-3.337041156840969691e-03 4.405559301391161892e-02
-1.112347052280360238e-03 3.706293889114983114e-02
1.112347052280249216e-03 3.013493049680314104e-02
3.337041156840969691e-03 2.313853170662048125e-02
5.561735261401468122e-03 1.620790822718267549e-02
7.786429365962188598e-03 9.209125309543946328e-03
1.001112347052268703e-02 2.277221795543792147e-03
1.223581757508340750e-02 -4.722584128316647395e-03
1.446051167964412798e-02 -1.165443230938159949e-02
1.668520578420462641e-02 -1.865389980026250366e-02
1.890989988876534689e-02 -2.558435721039882191e-02
2.113459399332584532e-02 -3.258212477441763122e-02
2.335928809788656579e-02 -3.950985615165921588e-02
2.558398220244706422e-02 -4.650456250346395731e-02
2.780867630700778470e-02 -5.342823300839966844e-02
3.003337041156850518e-02 -6.041851733425931958e-02
3.225806451612900361e-02 -6.733679279652916849e-02
3.448275862068972408e-02 -7.432129501725662224e-02
3.670745272525022251e-02 -8.123284218197771023e-02
3.893214682981094299e-02 -8.821020321563310951e-02
4.115684093437144142e-02 -9.511368998971195254e-02
4.338153503893216190e-02 -1.020825520140349746e-01
4.560622914349266033e-02 -1.089766477123277760e-01
4.783092324805338080e-02 -1.159356544268590750e-01
5.005561735261410128e-02 -1.228190300181388472e-01
5.228031145717459971e-02 -1.297668269059742141e-01
5.450500556173532019e-02 -1.366381552586619641e-01
5.672969966629581862e-02 -1.435733898477956072e-01
5.895439377085653909e-02 -1.504313459754230697e-01
6.117908787541703752e-02 -1.573526680996272242e-01
6.340378197997775800e-02 -1.641959294059815999e-01
6.562847608453847847e-02 -1.711019914651870921e-01
6.785317018909897691e-02 -1.779292379891005416e-01
7.007786429365969738e-02 -1.848186952092134572e-01
7.230255839822019581e-02 -1.916286098689646000e-01
7.452725250278091629e-02 -1.985001205610882613e-01
7.675194660734141472e-02 -2.052913893983622506e-01
7.897664071190213519e-02 -2.121436152173656331e-01
8.120133481646263363e-02 -2.189149276407459099e-01
8.342602892102335410e-02 -2.257465338431415003e-01
8.565072302558407458e-02 -2.324965828710823523e-01
8.787541713014457301e-02 -2.393062385721587138e-01
9.010011123470529348e-02 -2.460337210754051651e-01
9.232480533926579191e-02 -2.528200995055780997e-01
9.454949944382651239e-02 -2.595237164489918591e-01
9.677419354838701082e-02 -2.662854952093176575e-01
9.899888765294773130e-02 -2.729639518930705999e-01
1.012235817575082297e-01 -2.796998132098829637e-01
1.034482758620689502e-01 -2.863518195099756247e-01
1.056729699666296707e-01 -2.930604504885972461e-01
1.078976640711901691e-01 -2.996847210966627761e-01
1.101223581757508896e-01 -3.063648139741489418e-01
1.123470522803113880e-01 -3.129600686365110462e-01
1.145717463848721085e-01 -3.196103210333826605e-01
1.167964404894326069e-01 -3.261752847893102381e-01
1.190211345939933274e-01 -3.327943999602300251e-01
1.212458286985540479e-01 -3.393278033793705184e-01
1.234705228031145463e-01 -3.459144904627167727e-01
1.256952169076752668e-01 -3.524150698816506111e-01
1.279199110122357652e-01 -3.589680441479475848e-01
1.301446051167964857e-01 -3.654345419058397937e-01
1.323692992213569841e-01 -3.719525250049985354e-01
1.345939933259177046e-01 -3.783836896782961645e-01
1.368186874304782030e-01 -3.848654098856303385e-01
1.390433815350389235e-01 -3.912599965217725684e-01
1.412680756395996440e-01 -3.977041889827353516e-01
1.434927697441601424e-01 -4.040609593328370330e-01
1.457174638487208629e-01 -4.104663663064444523e-01
1.479421579532813613e-01 -4.167840890569194379e-01
1.501668520578420818e-01 -4.231494601578166814e-01
1.523915461624025802e-01 -4.294269111608903233e-01
1.546162402669633007e-01 -4.357510036000195042e-01
1.568409343715237991e-01 -4.419869661030986774e-01
1.590656284760845196e-01 -4.482685449269281364e-01
1.612903225806452401e-01 -4.544618098007918716e-01
1.635150166852057385e-01 -4.606996481290630552e-01
1.657397107897664590e-01 -4.668490140948355904e-01
1.679644048943269574e-01 -4.730418933567883677e-01
1.701890989988876779e-01 -4.791461672116548165e-01
1.724137931034481763e-01 -4.852928773806938212e-01
1.746384872080088968e-01 -4.913508742223180459e-01
1.768631813125696173e-01 -4.974502140490742463e-01
1.790878754171301157e-01 -5.034607574986874612e-01
1.813125695216908362e-01 -5.095115347424383767e-01
1.835372636262513346e-01 -5.154734571665532394e-01
1.857619577308120551e-01 -5.214744888249731591e-01
1.879866518353725535e-01 -5.273866315556942075e-01
1.902113459399332740e-01 -5.333367440928761249e-01
1.924360400444937724e-01 -5.391979576467624824e-01
1.946607341490544929e-01 -5.450959872194841571e-01
1.968854282536152134e-01 -5.509051315149364747e-01
1.991101223581757118e-01 -5.567499241971317625e-01
2.013348164627364323e-01 -5.625058687702523263e-01
2.035595105672969307e-01 -5.682962807756544166e-01
2.057842046718576512e-01 -5.739979049945542755e-01
2.080088987764181496e-01 -5.797328028974686465e-01
2.102335928809788701e-01 -5.853789961749820137e-01
2.124582869855393685e-01 -5.910572571291508037e-01
2.146829810901000890e-01 -5.966469191339234257e-01
2.169076751946608095e-01 -6.022674310894491345e-01
2.191323692992213079e-01 -6.077994719553585501e-01
2.213570634037820284e-01 -6.133611338736472129e-01
2.235817575083425268e-01 -6.188344744075242598e-01
2.258064516129032473e-01 -6.243361964742185632e-01
2.280311457174637457e-01 -6.297497683618288322e-01
2.302558398220244662e-01 -6.351904721976884272e-01
2.324805339265851867e-01 -6.405432182079464631e-01
2.347052280311456851e-01 -6.459218370776459439e-01
2.369299221357064056e-01 -6.512127112650140104e-01
2.391546162402669040e-01 -6.565281902838226991e-01
2.413793103448276245e-01 -6.617561581888758981e-01
2.436040044493881229e-01 -6.670074545271823530e-01
2.458286985539488434e-01 -6.721714933752891419e-01
2.480533926585093418e-01 -6.773575764609420791e-01
2.502780867630700623e-01 -6.824566753590334267e-01
2.525027808676307828e-01 -6.875765270774621962e-01
2.547274749721912812e-01 -6.926096872088548517e-01
2.569521690767520017e-01 -6.976623021009332737e-01
2.591768631813125001e-01 -7.026285369181730633e-01
2.614015572858732206e-01 -7.076129223758063080e-01
2.636262513904337190e-01 -7.125112577914904932e-01
2.658509454949944395e-01 -7.174264342508789305e-01
2.680756395995551600e-01 -7.222559088264327576e-01
2.703003337041156584e-01 -7.271009099589871294e-01
2.725250278086763789e-01 -7.318605750913553809e-01
2.747497219132368773e-01 -7.366344479922358746e-01
2.769744160177975978e-01 -7.413233680984568919e-01
2.791991101223580962e-01 -7.460251734726970341e-01
2.814238042269188167e-01 -7.506424261723324554e-01
2.836484983314793151e-01 -7.552712385185248456e-01
2.858731924360400356e-01 -7.598159148138986518e-01
2.880978865406007561e-01 -7.643708226054101162e-01
2.903225806451612545e-01 -7.688420270596330042e-01
2.925472747497219750e-01 -7.733221329233167518e-01
2.947719688542824734e-01 -7.777189838360641927e-01
2.969966629588431939e-01 -7.821234047284424395e-01
2.992213570634036923e-01 -7.864450343094544493e-01
3.014460511679644128e-01 -7.907729016903395358e-01
3.036707452725249112e-01 -7.950184562306039648e-01
3.058954393770856317e-01 -7.992689162341354292e-01
3.081201334816463522e-01 -8.034375562747314570e-01
3.103448275862068506e-01 -8.076097698777960909e-01
3.125695216907675711e-01 -8.117006703763547382e-01
3.147942157953280695e-01 -8.157938135643643118e-01
3.170189098998887900e-01 -8.198061640591285393e-01
3.192436040044492884e-01 -8.238194279891245531e-01
3.214682981090100089e-01 -8.277524327605716437e-01
3.236929922135707294e-01 -8.316850239216333485e-01
3.259176863181312278e-01 -8.355379021516268212e-01
3.281423804226919483e-01 -8.393890425225551954e-01
3.303670745272524467e-01 -8.431610284509973852e-01
3.325917686318131672e-01 -8.469299556552506436e-01
3.348164627363736656e-01 -8.506202987342056376e-01
3.370411568409343861e-01 -8.543062661920625134e-01
3.392658509454948845e-01 -8.579142312373202461e-01
3.414905450500556050e-01 -8.615165083152382941e-01
3.437152391546163255e-01 -8.650413756552927103e-01
3.459399332591768239e-01 -8.685592478124394278e-01
3.481646273637375444e-01 -8.720003134348471852e-01
3.503893214682980428e-01 -8.754330823667860750e-01
3.526140155728587633e-01 -8.787896580618793640e-01
3.548387096774192617e-01 -8.821366418413758570e-01
3.570634037819799822e-01 -8.854080553433000267e-01
3.592880978865404806e-01 -8.886685885582353839e-01
3.615127919911012011e-01 -8.918541836832791780e-01
3.637374860956619216e-01 -8.950276175716435079e-01
3.659621802002224200e-01 -8.981267543538415943e-01
3.681868743047831405e-01 -9.012124569357777837e-01
3.704115684093436389e-01 -9.042245117597520476e-01
3.726362625139043594e-01 -9.072218679666393948e-01
3.748609566184648578e-01 -9.101462336976522405e-01
3.770856507230255783e-01 -9.130546454981970372e-01
3.793103448275862988e-01 -9.158907316093917172e-01
3.815350389321467972e-01 -9.187096181327112365e-01
3.837597330367075177e-01 -9.214568508295084559e-01
3.859844271412680161e-01 -9.241856484851818099e-01
3.882091212458287366e-01 -9.268434708268088462e-01
3.904338153503892350e-01 -9.294816334218790610e-01
3.926585094549499555e-01 -9.320495054400054213e-01
3.948832035595104539e-01 -9.345965042929077482e-01
3.971078976640711744e-01 -9.370739031073588299e-01
3.993325917686318949e-01 -9.395292271587563082e-01
4.015572858731923933e-01 -9.419156470902825262e-01
4.037819799777531138e-01 -9.442788030107879260e-01
4.060066740823136122e-01 -9.465737556908615513e-01
4.082313681868743327e-01 -9.488442679856308182e-01
4.104560622914348311e-01 -9.510472824632488775e-01
4.126807563959955516e-01 -9.532246935734209892e-01
4.149054505005562721e-01 -9.553353164188838065e-01
4.171301446051167705e-01 -9.574191868198552724e-01
4.193548387096774910e-01 -9.594369822255002234e-01
4.215795328142379894e-01 -9.614268905220126893e-01
4.238042269187987099e-01 -9.633514403998780784e-01
4.260289210233592083e-01 -9.652469834179026043e-01
4.282536151279199288e-01 -9.670778874942993486e-01
4.304783092324804272e-01 -9.688786803696953775e-01
4.327030033370411477e-01 -9.706155562766616285e-01
4.349276974416018682e-01 -9.723212325406010992e-01
4.371523915461623666e-01 -9.739637159042182635e-01
4.393770856507230871e-01 -9.755739275653516618e-01
4.416017797552835855e-01 -9.771216720908970643e-01
4.438264738598443060e-01 -9.786360897142519777e-01
4.460511679644048044e-01 -9.800887672681696250e-01
4.482758620689655249e-01 -9.815070800507559312e-01
4.505005561735260233e-01 -9.828643807394180643e-01
4.527252502780867438e-01 -9.841862965825378673e-01
4.549499443826474643e-01 -9.854479288277776527e-01
4.571746384872079627e-01 -9.866731744060172060e-01
4.593993325917686832e-01 -9.878388650174125818e-01
4.616240266963291816e-01 -9.889671858443018770e-01
4.638487208008899021e-01 -9.900366800881922336e-01
4.660734149054504005e-01 -9.910678405785158240e-01
4.682981090100111210e-01 -9.920409022437285396e-01
4.705228031145718415e-01 -9.929746857724811582e-01
4.727474972191323399e-01 -9.938510972327420090e-01
4.749721913236930604e-01 -9.946873061907098856e-01
4.771968854282535588e-01 -9.954668684637282272e-01
4.794215795328142793e-01 -9.962053243096822275e-01
4.816462736373747777e-01 -9.968878571128835242e-01
4.838709677419354982e-01 -9.975284004223777812e-01
4.860956618464959966e-01 -9.981137422252671643e-01
4.883203559510567171e-01 -9.986562327360276603e-01
4.905450500556174376e-01 -9.991442408091639749e-01
4.927697441601779360e-01 -9.995885574630559711e-01
4.949944382647386565e-01 -9.999791079236221014e-01
4.972191323692991549e-01 -1.000325148905180095e+00
4.994438264738598754e-01 -1.000618136759131360e+00
5.016685205784203738e-01 -1.000865819530647238e+00
5.038932146829810943e-01 -1.001061158711414878e+00
5.061179087875415927e-01 -1.001210420044571947e+00
5.083426028921023132e-01 -1.001308043448311036e+00
5.105672969966630337e-01 -1.001358839452350269e+00
5.127919911012235321e-01 -1.001358698969713634e+00
5.150166852057842526e-01 -1.001311005116126474e+00
5.172413793103447510e-01 -1.001213071660545850e+00
5.194660734149054715e-01 -1.001066882804282576e+00
5.216907675194659699e-01 -1.000871146336743456e+00
5.239154616240266904e-01 -1.000626476733929238e+00
5.261401557285874109e-01 -1.000332946284222757e+00
5.283648498331479093e-01 -9.999898296063707281e-01
5.305895439377086298e-01 -9.995985332908084997e-01
5.328142380422691282e-01 -9.991570226355248607e-01
5.350389321468298487e-01 -9.986680076711007548e-01
5.372636262513903471e-01 -9.981281755692753554e-01
5.394883203559510676e-01 -9.975415082842604697e-01
5.417130144605115660e-01 -9.969034467037247715e-01
5.439377085650722865e-01 -9.962192125446851509e-01
5.461624026696330070e-01 -9.954830328903465642e-01
5.483870967741935054e-01 -9.947013364255653523e-01
5.506117908787542259e-01 -9.938671695359995173e-01
5.528364849833147243e-01 -9.929881344552941025e-01
5.550611790878754448e-01 -9.920561305957940057e-01
5.572858731924359432e-01 -9.910798997067139515e-01
5.595105672969966637e-01 -9.900502285587904350e-01
5.617352614015573842e-01 -9.889769637791836487e-01
5.639599555061178826e-01 -9.878498144265109859e-01
5.661846496106786031e-01 -9.866796967734491330e-01
5.684093437152391015e-01 -9.854552776842490092e-01
5.706340378197998220e-01 -9.841885072593005157e-01
5.728587319243603204e-01 -9.828670462651637463e-01
5.750834260289210409e-01 -9.815038422360007342e-01
5.773081201334815393e-01 -9.800855865071419482e-01
5.795328142380422598e-01 -9.786261870854758849e-01
5.817575083426029803e-01 -9.771114031024139557e-01
5.839822024471634787e-01 -9.755560655182444751e-01
5.862068965517241992e-01 -9.739450390399120305e-01
5.884315906562846976e-01 -9.722940395120843737e-01
5.906562847608454181e-01 -9.705870755403565031e-01
5.928809788654059165e-01 -9.688407092434175860e-01
5.951056729699666370e-01 -9.670381319840647416e-01
5.973303670745271354e-01 -9.651967130114084137e-01
5.995550611790878559e-01 -9.632988658314671770e-01
6.017797552836485764e-01 -9.613627271547644515e-01
6.040044493882090748e-01 -9.593699725363233899e-01
6.062291434927697953e-01 -9.573394659612231017e-01
6.084538375973302937e-01 -9.552521854516314859e-01
6.106785317018910142e-01 -9.531276815697308225e-01
6.129032258064515126e-01 -9.509462757282193257e-01
6.151279199110122331e-01 -9.487281638652966809e-01
6.173526140155729536e-01 -9.464530522060180528e-01
6.195773081201334520e-01 -9.441417403665208763e-01
6.218020022246941725e-01 -9.417733612980074831e-01
6.240266963292546709e-01 -9.393692761057921281e-01
6.262513904338153914e-01 -9.369080868668276940e-01
6.284760845383758898e-01 -9.344116735021460451e-01
6.307007786429366103e-01 -9.318581500940623652e-01
6.329254727474971087e-01 -9.292698722267854761e-01
6.351501668520578292e-01 -9.266245093421785484e-01
6.373748609566185497e-01 -9.239448490612635068e-01
6.395995550611790481e-01 -9.212081600091364120e-01
6.418242491657397686e-01 -9.184376177483257742e-01
6.440489432703002670e-01 -9.156101343756553046e-01
6.462736373748609875e-01 -9.127492288354079886e-01
6.484983314794214859e-01 -9.098315014451460181e-01
6.507230255839822064e-01 -9.068807695107998779e-01
6.529477196885427048e-01 -9.038733667763064750e-01
6.551724137931034253e-01 -9.008333634324681150e-01
6.573971078976641458e-01 -8.977368723083845037e-01
6.596218020022246442e-01 -8.946081705495498859e-01
6.618464961067853647e-01 -8.914231961791154735e-01
6.640711902113458631e-01 -8.882063869165113257e-01
6.662958843159065836e-01 -8.849335525353294596e-01
6.685205784204670820e-01 -8.816292444999868083e-01
6.707452725250278025e-01 -8.782691913362496994e-01
6.729699666295885230e-01 -8.748780109783017567e-01
6.751946607341490214e-01 -8.714313981494760109e-01
6.774193548387097419e-01 -8.679539895336895183e-01
6.796440489432702403e-01 -8.644214939396664965e-01
6.818687430478309608e-01 -8.608585186371996434e-01
6.840934371523914592e-01 -8.572408348499308550e-01
6.863181312569521797e-01 -8.535929718263248756e-01
6.885428253615126781e-01 -8.498908119759349677e-01
6.907675194660733986e-01 -8.461587574753436369e-01
6.929922135706341191e-01 -8.423728511327399637e-01
6.952169076751946175e-01 -8.385573185584019873e-01
6.974416017797553380e-01 -8.346884126143884197e-01
6.996662958843158364e-01 -8.307901324053355019e-01
7.018909899888765569e-01 -8.268389909462366960e-01
7.041156840934370553e-01 -8.228587104502588234e-01
7.063403781979977758e-01 -8.188261146300663817e-01
7.085650723025582742e-01 -8.147645979729291055e-01
7.107897664071189947e-01 -8.106513458819810669e-01
7.130144605116797152e-01 -8.065093738329037754e-01
7.152391546162402136e-01 -8.023162803631126438e-01
7.174638487208009341e-01 -7.980946501965132667e-01
7.196885428253614325e-01 -7.938225469031484627e-01
7.219132369299221530e-01 -7.895220722566618221e-01
7.241379310344826514e-01 -7.851718072167054308e-01
7.263626251390433719e-01 -7.807933179454822348e-01
7.285873192436040924e-01 -7.763657556125659331e-01
7.308120133481645908e-01 -7.719100976398702851e-01
7.330367074527253113e-01 -7.674061186958077707e-01
7.352614015572858097e-01 -7.628741538599087546e-01
7.374860956618465302e-01 -7.582946550628427707e-01
7.397107897664070286e-01 -7.536872609602199846e-01
7.419354838709677491e-01 -7.490331549893928242e-01
7.441601779755282475e-01 -7.443512248142621912e-01
7.463848720800889680e-01 -7.396234401114309964e-01
7.486095661846496885e-01 -7.348678824916027308e-01
7.508342602892101869e-01 -7.300673630991119101e-01
7.530589543937709074e-01 -7.252391019281950735e-01
7.552836484983314058e-01 -7.203668073237254887e-01
7.575083426028921263e-01 -7.154667815896836869e-01
7.597330367074526247e-01 -7.105236865176969285e-01
7.619577308120133452e-01 -7.055528501277801290e-01
7.641824249165740657e-01 -7.005399444276704246e-01
7.664071190211345641e-01 -6.954992660297262264e-01
7.686318131256952846e-01 -6.904175544607114023e-01
7.708565072302557830e-01 -6.853080172608984055e-01
7.730812013348165035e-01 -6.801585193236516780e-01
7.753058954393770019e-01 -6.749811209005694979e-01
7.775305895439377224e-01 -6.697648706556231790e-01
7.797552836484982208e-01 -6.645206227708689850e-01
7.819799777530589413e-01 -6.592386686538149743e-01
7.842046718576196618e-01 -6.539285970589907571e-01
7.864293659621801602e-01 -6.485820016924913611e-01
7.886540600667408807e-01 -6.432071459326778040e-01
7.908787541713013791e-01 -6.377969859353094240e-01
7.931034482758620996e-01 -6.323583991490177025e-01
7.953281423804225980e-01 -6.268857649409796950e-01
7.975528364849833185e-01 -6.213845136566099603e-01
7.997775305895438169e-01 -6.158505092623131061e-01
8.020022246941045374e-01 -6.102876731911333064e-01
8.042269187986652579e-01 -6.046934160386958634e-01
8.064516129032257563e-01 -5.990700878643662186e-01
8.086763070077864768e-01 -5.934167085820427623e-01
8.109010011123469752e-01 -5.877339937466994346e-01
8.131256952169076957e-01 -5.820226359562659102e-01
8.153503893214681941e-01 -5.762816524432006204e-01
8.175750834260289146e-01 -5.705134725503259174e-01
8.197997775305896351e-01 -5.647153506632672793e-01
8.220244716351501335e-01 -5.588915176448995270e-01
8.242491657397108540e-01 -5.530373997839304057e-01
8.264738598442713524e-01 -5.471590949727229702e-01
8.286985539488320729e-01 -5.412501354068520731e-01
8.309232480533925713e-01 -5.353185522726601198e-01
8.331479421579532918e-01 -5.293559169090816807e-01
8.353726362625137902e-01 -5.233722608375593888e-01
8.375973303670745107e-01 -5.173571269876148238e-01
8.398220244716352312e-01 -5.113226150559413430e-01
8.420467185761957296e-01 -5.052561711978238446e-01
8.442714126807564501e-01 -4.991720319475940193e-01
8.464961067853169485e-01 -4.930554774858092459e-01
8.487208008898776690e-01 -4.869229506931149198e-01
8.509454949944381674e-01 -4.807574957147410233e-01
8.531701890989988879e-01 -4.745778321574826153e-01
8.553948832035593863e-01 -4.683646971852446494e-01
8.576195773081201068e-01 -4.621391584077041426e-01
8.598442714126808273e-01 -4.558795741499004905e-01
8.620689655172413257e-01 -4.496094322246076413e-01
8.642936596218020462e-01 -4.433046393219214898e-01
8.665183537263625446e-01 -4.369911766088535598e-01
8.687430478309232651e-01 -4.306424253780721800e-01
8.709677419354837635e-01 -4.242869342812204958e-01
8.731924360400444840e-01 -4.178954844559050197e-01
8.754171301446052045e-01 -4.114992671772476629e-01
8.776418242491657029e-01 -4.050663876453823864e-01
8.798665183537264234e-01 -3.986307559362999298e-01
8.820912124582869218e-01 -3.921577244749481772e-01
8.843159065628476423e-01 -3.856839993851190473e-01
8.865406006674081407e-01 -3.791721023921368339e-01
8.887652947719688612e-01 -3.726616140159564328e-01
8.909899888765293596e-01 -3.661121462387839642e-01
8.932146829810900801e-01 -3.595662334593447418e-01
8.954393770856508006e-01 -3.529804977209219374e-01
8.976640711902112990e-01 -3.464005079515986019e-01
8.998887652947720195e-01 -3.397798148734407775e-01
9.021134593993325179e-01 -3.331671037971202232e-01
9.043381535038932384e-01 -3.265127715195834113e-01
9.065628476084537368e-01 -3.198687028255867149e-01
9.087875417130144573e-01 -3.131820567253779664e-01
9.110122358175751778e-01 -3.065080018441148635e-01
9.132369299221356762e-01 -2.997903742490770629e-01
9.154616240266963967e-01 -2.930877120844783135e-01
9.176863181312568951e-01 -2.863404419856886429e-01
9.199110122358176156e-01 -2.796105586454666891e-01
9.221357063403781140e-01 -2.728349914066981463e-01
9.243604004449388345e-01 -2.660792799304738110e-01
9.265850945494993329e-01 -2.592767669950591936e-01
9.288097886540600534e-01 -2.524966270804164803e-01
9.310344827586207739e-01 -2.456685256755553326e-01
9.332591768631812723e-01 -2.388653634020569128e-01
9.354838709677419928e-01 -2.320130362406185864e-01
9.377085650723024912e-01 -2.251882637918459495e-01
9.399332591768632117e-01 -2.183130787717008914e-01
9.421579532814237101e-01 -2.114681141553596821e-01
9.443826473859844306e-01 -2.045714440563021763e-01
9.466073414905449290e-01 -1.977077108224492008e-01
9.488320355951056495e-01 -1.907909330007420967e-01
9.510567296996663700e-01 -1.839098599581848459e-01
9.532814238042268684e-01 -1.769743560387856685e-01
9.555061179087875889e-01 -1.700773769697151716e-01
9.577308120133480873e-01 -1.631245325362242204e-01
9.599555061179088078e-01 -1.562130859091212520e-01
9.621802002224693062e-01 -1.492442901915137232e-01
9.644048943270300267e-01 -1.423198188723953650e-01
9.666295884315907472e-01 -1.353364644325738275e-01
9.688542825361512456e-01 -1.284004153946297355e-01
9.710789766407119661e-01 -1.214038978098629096e-01
9.733036707452724645e-01 -1.144577218415464420e-01
9.755283648498331850e-01 -1.074494393858284047e-01
9.777530589543936834e-01 -1.004945907974549857e-01
9.799777530589544039e-01 -9.347594412086029925e-02
9.822024471635149023e-01 -8.651388044977684211e-02
9.844271412680756228e-01 -7.948627225584407874e-02
9.866518353726363433e-01 -7.251845397022227413e-02
9.888765294771968417e-01 -6.548328869144012798e-02
9.911012235817575622e-01 -5.851117889276571948e-02
9.933259176863180606e-01 -5.146986236420155597e-02
9.955506117908787811e-01 -4.449492648851010451e-02
9.977753058954392795e-01 -3.744886561965374977e-02
1.000000000000000000e+00 -3.047257113758180050e-02
